{
  "case_id": "mplus_ex5_1",
  "estimator": "ML",
  "reference_engine": "lavaan",
  "reference_version": "0.6.22.2560",
  "generated_at": "2026-05-16T06:16:41Z",
  "model": "f1 =~ y1 + y2 + y3\nf2 =~ y4 + y5 + y6",
  "n_obs": 500,
  "variables": ["y1", "y2", "y3", "y4", "y5", "y6"],
  "converged": true,
  "iterations": 34,
  "objective": 0.00389569175858551,
  "chisq": 3.89569175858551,
  "df": 8,
  "pvalue": 0.866409692357589,
  "theta_names": ["f1=~y2[1]", "f1=~y3[2]", "f2=~y5[3]", "f2=~y6[4]", "y1~~y1[5]", "y2~~y2[6]", "y3~~y3[7]", "y4~~y4[8]", "y5~~y5[9]", "y6~~y6[10]", "f1~~f1[11]", "f2~~f2[12]", "f1~~f2[13]"],
  "theta_hat": [1.12667429272105, 1.01966054864544, 1.05834939565813, 0.897108221296407, 1.06418528091444, 0.797641345894011, 1.00972361462111, 1.28955355228151, 0.854229730248812, 1.06639071814507, 0.906980054352813, 0.760596778814851, -0.0300380177714237],
  "parameter_table": [
    {
      "lhs": "f1",
      "op": "=~",
      "rhs": "y1",
      "est": 1,
      "se": 0,
      "z": null,
      "pvalue": null,
      "ci.lower": 1,
      "ci.upper": 1
    },
    {
      "lhs": "f1",
      "op": "=~",
      "rhs": "y2",
      "est": 1.12667429272105,
      "se": 0.0990225259066086,
      "z": 11.377959534012,
      "pvalue": 0,
      "ci.lower": 0.932593708285912,
      "ci.upper": 1.32075487715619
    },
    {
      "lhs": "f1",
      "op": "=~",
      "rhs": "y3",
      "est": 1.01966054864544,
      "se": 0.0888667978388022,
      "z": 11.4740327483728,
      "pvalue": 0,
      "ci.lower": 0.845484825459988,
      "ci.upper": 1.1938362718309
    },
    {
      "lhs": "f2",
      "op": "=~",
      "rhs": "y4",
      "est": 1,
      "se": 0,
      "z": null,
      "pvalue": null,
      "ci.lower": 1,
      "ci.upper": 1
    },
    {
      "lhs": "f2",
      "op": "=~",
      "rhs": "y5",
      "est": 1.05834939565813,
      "se": 0.128664534949651,
      "z": 8.225649718256,
      "pvalue": 2.22044604925031e-16,
      "ci.lower": 0.806171541069223,
      "ci.upper": 1.31052725024704
    },
    {
      "lhs": "f2",
      "op": "=~",
      "rhs": "y6",
      "est": 0.897108221296407,
      "se": 0.105240009344577,
      "z": 8.52440271417209,
      "pvalue": 0,
      "ci.lower": 0.690841593248378,
      "ci.upper": 1.10337484934444
    },
    {
      "lhs": "y1",
      "op": "~~",
      "rhs": "y1",
      "est": 1.06418528091444,
      "se": 0.0956639516854978,
      "z": 11.1242036541938,
      "pvalue": 0,
      "ci.lower": 0.876687380992081,
      "ci.upper": 1.25168318083679
    },
    {
      "lhs": "y2",
      "op": "~~",
      "rhs": "y2",
      "est": 0.797641345894011,
      "se": 0.0999471025395536,
      "z": 7.98063501218905,
      "pvalue": 1.55431223447522e-15,
      "ci.lower": 0.601748624557354,
      "ci.upper": 0.993534067230668
    },
    {
      "lhs": "y3",
      "op": "~~",
      "rhs": "y3",
      "est": 1.00972361462111,
      "se": 0.0952557583883792,
      "z": 10.6001320204101,
      "pvalue": 0,
      "ci.lower": 0.823025758859837,
      "ci.upper": 1.19642147038238
    },
    {
      "lhs": "y4",
      "op": "~~",
      "rhs": "y4",
      "est": 1.28955355228151,
      "se": 0.118522443517041,
      "z": 10.8802477743053,
      "pvalue": 0,
      "ci.lower": 1.05725383162843,
      "ci.upper": 1.52185327293459
    },
    {
      "lhs": "y5",
      "op": "~~",
      "rhs": "y5",
      "est": 0.854229730248812,
      "se": 0.110421029843998,
      "z": 7.73611450151895,
      "pvalue": 1.02140518265514e-14,
      "ci.lower": 0.637808488618753,
      "ci.upper": 1.07065097187887
    },
    {
      "lhs": "y6",
      "op": "~~",
      "rhs": "y6",
      "est": 1.06639071814507,
      "se": 0.0966399640686982,
      "z": 11.0346762689916,
      "pvalue": 0,
      "ci.lower": 0.876979869103176,
      "ci.upper": 1.25580156718696
    },
    {
      "lhs": "f1",
      "op": "~~",
      "rhs": "f1",
      "est": 0.906980054352813,
      "se": 0.125034556307457,
      "z": 7.25383510877239,
      "pvalue": 4.05231403988182e-13,
      "ci.lower": 0.661916827167251,
      "ci.upper": 1.15204328153838
    },
    {
      "lhs": "f2",
      "op": "~~",
      "rhs": "f2",
      "est": 0.760596778814851,
      "se": 0.132500748013033,
      "z": 5.74032064135998,
      "pvalue": 9.44974587469005e-09,
      "ci.lower": 0.500900084784689,
      "ci.upper": 1.02029347284501
    },
    {
      "lhs": "f1",
      "op": "~~",
      "rhs": "f2",
      "est": -0.0300380177714237,
      "se": 0.0515060406273687,
      "z": -0.583194075986933,
      "pvalue": 0.559762658670779,
      "ci.lower": -0.130988002387323,
      "ci.upper": 0.0709119668444757
    }
  ],
  "sigma_hat": {
    "rows": ["y1", "y2", "y3", "y4", "y5", "y6"],
    "cols": ["y1", "y2", "y3", "y4", "y5", "y6"],
    "values": [
      [1.97116533526725, 1.02187111125005, 0.924811779831862, -0.0300380177714237, -0.0317907179551545, -0.0269473526941918],
      [1.02187111125005, 1.94895725741374, 1.04196165794216, -0.0338430624273611, -0.0358177846672181, -0.0303608895374332],
      [0.924811779831862, 1.04196165794216, 1.95271770143823, -0.0306285816810314, -0.0324157409119854, -0.0274771524327018],
      [-0.0300380177714237, -0.0338430624273611, -0.0306285816810314, 2.05015033109636, 0.804977141198221, 0.682337623366368],
      [-0.0317907179551545, -0.0358177846672181, -0.0324157409119854, 0.804977141198221, 1.70617680115456, 0.722151611324603],
      [-0.0269473526941918, -0.0303608895374332, -0.0274771524327018, 0.682337623366368, 0.722151611324603, 1.67852140976689]
    ]
  },
  "mu_hat": null
}
