{
  "case_id": "hs_3factor_cfa_uls",
  "estimator": "ULS",
  "lavaan_estimator": "ULS",
  "lavaan_missing": "listwise",
  "reference_engine": "lavaan",
  "reference_version": "0.6.22.2560",
  "generated_at": "2026-05-19T05:30:04Z",
  "model": "visual  =~ x1 + x2 + x3\ntextual =~ x4 + x5 + x6\nspeed   =~ x7 + x8 + x9",
  "n_obs": 301,
  "variables": ["x1", "x2", "x3", "x4", "x5", "x6", "x7", "x8", "x9"],
  "converged": true,
  "iterations": 39,
  "objective": 0.11976448444093,
  "chisq": 72.0982196334398,
  "df": 24,
  "pvalue": null,
  "theta_names": ["visual=~x2[1]", "visual=~x3[2]", "textual=~x5[3]", "textual=~x6[4]", "speed=~x8[5]", "speed=~x9[6]", "x1~~x1[7]", "x2~~x2[8]", "x3~~x3[9]", "x4~~x4[10]", "x5~~x5[11]", "x6~~x6[12]", "x7~~x7[13]", "x8~~x8[14]", "x9~~x9[15]", "visual~~visual[16]", "textual~~textual[17]", "speed~~speed[18]", "visual~~textual[19]", "visual~~speed[20]", "textual~~speed[21]"],
  "theta_hat": [0.50068496813111, 0.629146291288901, 1.0544556381993, 0.934982957359596, 1.29471375640064, 1.77816308659039, 0.40644536511477, 1.14662134720355, 0.900526380666761, 0.339292023229596, 0.535790999525513, 0.31227551503625, 0.948617551284818, 0.625653045224607, 0.264390870802923, 0.956452396504604, 1.0158748508996, 0.238465775364716, 0.423585226124744, 0.222116198740901, 0.143500161162124],
  "parameter_table": [
    {
      "lhs": "visual",
      "op": "=~",
      "rhs": "x1",
      "est": 1,
      "se": 0,
      "z": null,
      "pvalue": null,
      "ci.lower": 1,
      "ci.upper": 1
    },
    {
      "lhs": "visual",
      "op": "=~",
      "rhs": "x2",
      "est": 0.50068496813111,
      "se": 0.0554732112129263,
      "z": 9.02570731319842,
      "pvalue": 0,
      "ci.lower": 0.391959472046991,
      "ci.upper": 0.609410464215229
    },
    {
      "lhs": "visual",
      "op": "=~",
      "rhs": "x3",
      "est": 0.629146291288901,
      "se": 0.0647402592202963,
      "z": 9.71800698461926,
      "pvalue": 0,
      "ci.lower": 0.502257714867333,
      "ci.upper": 0.756034867710469
    },
    {
      "lhs": "textual",
      "op": "=~",
      "rhs": "x4",
      "est": 1,
      "se": 0,
      "z": null,
      "pvalue": null,
      "ci.lower": 1,
      "ci.upper": 1
    },
    {
      "lhs": "textual",
      "op": "=~",
      "rhs": "x5",
      "est": 1.0544556381993,
      "se": 0.0730601510231206,
      "z": 14.432705427417,
      "pvalue": 0,
      "ci.lower": 0.911260373488922,
      "ci.upper": 1.19765090290967
    },
    {
      "lhs": "textual",
      "op": "=~",
      "rhs": "x6",
      "est": 0.934982957359596,
      "se": 0.063180858841285,
      "z": 14.7985161092593,
      "pvalue": 0,
      "ci.lower": 0.811150749518369,
      "ci.upper": 1.05881516520082
    },
    {
      "lhs": "speed",
      "op": "=~",
      "rhs": "x7",
      "est": 1,
      "se": 0,
      "z": null,
      "pvalue": null,
      "ci.lower": 1,
      "ci.upper": 1
    },
    {
      "lhs": "speed",
      "op": "=~",
      "rhs": "x8",
      "est": 1.29471375640064,
      "se": 0.164822203582828,
      "z": 7.85521445689207,
      "pvalue": 3.99680288865056e-15,
      "ci.lower": 0.971668173525767,
      "ci.upper": 1.61775933927551
    },
    {
      "lhs": "speed",
      "op": "=~",
      "rhs": "x9",
      "est": 1.77816308659039,
      "se": 0.229447184445622,
      "z": 7.74977078444738,
      "pvalue": 9.10382880192628e-15,
      "ci.lower": 1.32845486872285,
      "ci.upper": 2.22787130445793
    },
    {
      "lhs": "x1",
      "op": "~~",
      "rhs": "x1",
      "est": 0.40644536511477,
      "se": 0.132446164938548,
      "z": 3.06875903355415,
      "pvalue": 0.00214949891571159,
      "ci.lower": 0.146855651944765,
      "ci.upper": 0.666035078284775
    },
    {
      "lhs": "x2",
      "op": "~~",
      "rhs": "x2",
      "est": 1.14662134720355,
      "se": 0.0701539839953646,
      "z": 16.3443511245108,
      "pvalue": 0,
      "ci.lower": 1.00912206520064,
      "ci.upper": 1.28412062920646
    },
    {
      "lhs": "x3",
      "op": "~~",
      "rhs": "x3",
      "est": 0.900526380666761,
      "se": 0.0786461645864202,
      "z": 11.45035343303,
      "pvalue": 0,
      "ci.lower": 0.746382730555168,
      "ci.upper": 1.05467003077835
    },
    {
      "lhs": "x4",
      "op": "~~",
      "rhs": "x4",
      "est": 0.339292023229596,
      "se": 0.104299498383212,
      "z": 3.25305517753295,
      "pvalue": 0.00114171324953971,
      "ci.lower": 0.134868762792907,
      "ci.upper": 0.543715283666284
    },
    {
      "lhs": "x5",
      "op": "~~",
      "rhs": "x5",
      "est": 0.535790999525513,
      "se": 0.111566779982784,
      "z": 4.80242415894938,
      "pvalue": 1.56756199132246e-06,
      "ci.lower": 0.317124128888152,
      "ci.upper": 0.754457870162874
    },
    {
      "lhs": "x6",
      "op": "~~",
      "rhs": "x6",
      "est": 0.31227551503625,
      "se": 0.0965030260012059,
      "z": 3.2359142295947,
      "pvalue": 0.00121253812380973,
      "ci.lower": 0.123133059674754,
      "ci.upper": 0.501417970397746
    },
    {
      "lhs": "x7",
      "op": "~~",
      "rhs": "x7",
      "est": 0.948617551284818,
      "se": 0.0731224193795055,
      "z": 12.9730055342055,
      "pvalue": 0,
      "ci.lower": 0.805300242838554,
      "ci.upper": 1.09193485973108
    },
    {
      "lhs": "x8",
      "op": "~~",
      "rhs": "x8",
      "est": 0.625653045224607,
      "se": 0.0861011644739209,
      "z": 7.26648761427739,
      "pvalue": 3.69038133385402e-13,
      "ci.lower": 0.456897863828762,
      "ci.upper": 0.794408226620451
    },
    {
      "lhs": "x9",
      "op": "~~",
      "rhs": "x9",
      "est": 0.264390870802923,
      "se": 0.124979359491098,
      "z": 2.11547628247972,
      "pvalue": 0.0343893742830226,
      "ci.lower": 0.0194358273894877,
      "ci.upper": 0.509345914216359
    },
    {
      "lhs": "visual",
      "op": "~~",
      "rhs": "visual",
      "est": 0.956452396504604,
      "se": 0.119200055677821,
      "z": 8.02392575293543,
      "pvalue": 1.11022302462516e-15,
      "ci.lower": 0.722824580420906,
      "ci.upper": 1.1900802125883
    },
    {
      "lhs": "textual",
      "op": "~~",
      "rhs": "textual",
      "est": 1.0158748508996,
      "se": 0.0868622589486149,
      "z": 11.6952386824359,
      "pvalue": 0,
      "ci.lower": 0.845627951744526,
      "ci.upper": 1.18612175005468
    },
    {
      "lhs": "speed",
      "op": "~~",
      "rhs": "speed",
      "est": 0.238465775364716,
      "se": 0.044872651833594,
      "z": 5.31427864457496,
      "pvalue": 1.07080658562353e-07,
      "ci.lower": 0.150516993880066,
      "ci.upper": 0.326414556849365
    },
    {
      "lhs": "visual",
      "op": "~~",
      "rhs": "textual",
      "est": 0.423585226124744,
      "se": 0.0344835721219486,
      "z": 12.2836817666907,
      "pvalue": 0,
      "ci.lower": 0.355998666707435,
      "ci.upper": 0.491171785542052
    },
    {
      "lhs": "visual",
      "op": "~~",
      "rhs": "speed",
      "est": 0.222116198740901,
      "se": 0.0292429992550978,
      "z": 7.59553412436586,
      "pvalue": 3.06421554796543e-14,
      "ci.lower": 0.164800973400978,
      "ci.upper": 0.279431424080824
    },
    {
      "lhs": "textual",
      "op": "~~",
      "rhs": "speed",
      "est": 0.143500161162124,
      "se": 0.020230788220575,
      "z": 7.09315720166468,
      "pvalue": 1.31095134747738e-12,
      "ci.lower": 0.10384854487094,
      "ci.upper": 0.183151777453308
    }
  ],
  "sigma_hat": {
    "rows": ["x1", "x2", "x3", "x4", "x5", "x6", "x7", "x8", "x9"],
    "cols": ["x1", "x2", "x3", "x4", "x5", "x6", "x7", "x8", "x9"],
    "values": [
      [1.36289776161937, 0.478881337662831, 0.601748478055254, 0.423585226124744, 0.446651829945159, 0.396044967415946, 0.222116198740901, 0.287576898029263, 0.394958825534845],
      [0.478881337662831, 1.38639003448985, 0.301286417558038, 0.212082755443076, 0.223631857241794, 0.198293761889139, 0.111210241887991, 0.143985430025025, 0.197749946976014],
      [0.601748478055254, 0.301286417558038, 1.27911420392396, 0.266497074061153, 0.281009342307398, 0.249170222433376, 0.139743582673026, 0.180927938855477, 0.248486880297068],
      [0.423585226124744, 0.212082755443076, 0.266497074061153, 1.3551668741292, 1.07119496423595, 0.94982567240135, 0.143500161162124, 0.185791632702311, 0.255166689498261],
      [0.446651829945159, 0.223631857241794, 0.281009342307398, 1.07119496423595, 1.66531856917481, 1.00154903557004, 0.15131455401991, 0.195909034633204, 0.269061954422091],
      [0.396044967415946, 0.198293761889139, 0.249170222433376, 0.94982567240135, 1.00154903557004, 1.20034633119413, 0.134170205064942, 0.173712010196675, 0.238576505966742],
      [0.222116198740901, 0.111210241887991, 0.139743582673026, 0.143500161162124, 0.15131455401991, 0.134170205064942, 1.18708332664953, 0.308744919795442, 0.424031039168693],
      [0.287576898029263, 0.143985430025025, 0.180927938855477, 0.185791632702311, 0.195909034633204, 0.173712010196675, 0.308744919795442, 1.02538934010258, 0.548998819552565],
      [0.394958825534845, 0.197749946976014, 0.248486880297068, 0.255166689498261, 0.269061954422091, 0.238576505966742, 0.424031039168693, 0.548998819552565, 1.01838721222126]
    ]
  },
  "mu_hat": null
}
