{
  "case_id": "demo_growth_linear",
  "estimator": "ML",
  "reference_engine": "lavaan",
  "reference_version": "0.6.22.2560",
  "generated_at": "2026-05-15T15:36:42Z",
  "model": "i =~ 1*t1 + 1*t2 + 1*t3 + 1*t4\ns =~ 0*t1 + 1*t2 + 2*t3 + 3*t4\n\ni ~ x1 + x2\ns ~ x1 + x2\n\nt1 ~ c1\nt2 ~ c2\nt3 ~ c3\nt4 ~ c4\n",
  "n_obs": 400,
  "variables": ["t1", "t2", "t3", "t4", "x1", "x2", "c1", "c2", "c3", "c4"],
  "converged": true,
  "iterations": 31,
  "objective": 0.0325732251722899,
  "chisq": 26.0585801378319,
  "df": 21,
  "pvalue": 0.204224185794017,
  "theta_names": ["i~x1[1]", "i~x2[2]", "s~x1[3]", "s~x2[4]", "t1~c1[5]", "t2~c2[6]", "t3~c3[7]", "t4~c4[8]", "t1~~t1[9]", "t2~~t2[10]", "t3~~t3[11]", "t4~~t4[12]", "i~~i[13]", "s~~s[14]", "i~~s[15]", "i~1[16]", "s~1[17]"],
  "theta_hat": [0.608386570530742, 0.604106830383057, 0.262239318497341, 0.521730093072959, 0.143356095380173, 0.289003996814316, 0.327537501601104, 0.330494825388925, 0.579822405605589, 0.595593421011103, 0.481412208045636, 0.535206536968928, 1.07945768202176, 0.223762905982476, 0.0747532408117512, 0.580238368534918, 0.957579710808159],
  "parameter_table": [
    {
      "lhs": "i",
      "op": "=~",
      "rhs": "t1",
      "est": 1,
      "se": 0,
      "z": null,
      "pvalue": null,
      "ci.lower": 1,
      "ci.upper": 1
    },
    {
      "lhs": "i",
      "op": "=~",
      "rhs": "t2",
      "est": 1,
      "se": 0,
      "z": null,
      "pvalue": null,
      "ci.lower": 1,
      "ci.upper": 1
    },
    {
      "lhs": "i",
      "op": "=~",
      "rhs": "t3",
      "est": 1,
      "se": 0,
      "z": null,
      "pvalue": null,
      "ci.lower": 1,
      "ci.upper": 1
    },
    {
      "lhs": "i",
      "op": "=~",
      "rhs": "t4",
      "est": 1,
      "se": 0,
      "z": null,
      "pvalue": null,
      "ci.lower": 1,
      "ci.upper": 1
    },
    {
      "lhs": "s",
      "op": "=~",
      "rhs": "t1",
      "est": 0,
      "se": 0,
      "z": null,
      "pvalue": null,
      "ci.lower": 0,
      "ci.upper": 0
    },
    {
      "lhs": "s",
      "op": "=~",
      "rhs": "t2",
      "est": 1,
      "se": 0,
      "z": null,
      "pvalue": null,
      "ci.lower": 1,
      "ci.upper": 1
    },
    {
      "lhs": "s",
      "op": "=~",
      "rhs": "t3",
      "est": 2,
      "se": 0,
      "z": null,
      "pvalue": null,
      "ci.lower": 2,
      "ci.upper": 2
    },
    {
      "lhs": "s",
      "op": "=~",
      "rhs": "t4",
      "est": 3,
      "se": 0,
      "z": null,
      "pvalue": null,
      "ci.lower": 3,
      "ci.upper": 3
    },
    {
      "lhs": "i",
      "op": "~",
      "rhs": "x1",
      "est": 0.608386570530742,
      "se": 0.0600357212648114,
      "z": 10.1337430068877,
      "pvalue": 0,
      "ci.lower": 0.490718719065827,
      "ci.upper": 0.726054421995658
    },
    {
      "lhs": "i",
      "op": "~",
      "rhs": "x2",
      "est": 0.604106830383057,
      "se": 0.0641876504311752,
      "z": 9.41157413186213,
      "pvalue": 0,
      "ci.lower": 0.478301347285707,
      "ci.upper": 0.729912313480408
    },
    {
      "lhs": "s",
      "op": "~",
      "rhs": "x1",
      "est": 0.262239318497341,
      "se": 0.028510998687997,
      "z": 9.19782998018034,
      "pvalue": 0,
      "ci.lower": 0.206358787905598,
      "ci.upper": 0.318119849089084
    },
    {
      "lhs": "s",
      "op": "~",
      "rhs": "x2",
      "est": 0.521730093072959,
      "se": 0.0305407598484672,
      "z": 17.0830750662919,
      "pvalue": 0,
      "ci.lower": 0.461871303709477,
      "ci.upper": 0.581588882436442
    },
    {
      "lhs": "t1",
      "op": "~",
      "rhs": "c1",
      "est": 0.143356095380173,
      "se": 0.0497251202358879,
      "z": 2.88297131711527,
      "pvalue": 0.00393943309940004,
      "ci.lower": 0.0458966505909087,
      "ci.upper": 0.240815540169437
    },
    {
      "lhs": "t2",
      "op": "~",
      "rhs": "c2",
      "est": 0.289003996814316,
      "se": 0.0459136930973436,
      "z": 6.29450556725171,
      "pvalue": 3.08381320479612e-10,
      "ci.lower": 0.199014811946297,
      "ci.upper": 0.378993181682334
    },
    {
      "lhs": "t3",
      "op": "~",
      "rhs": "c3",
      "est": 0.327537501601104,
      "se": 0.044495751414244,
      "z": 7.36109608649631,
      "pvalue": 1.82298620643451e-13,
      "ci.lower": 0.240327431364139,
      "ci.upper": 0.414747571838069
    },
    {
      "lhs": "t4",
      "op": "~",
      "rhs": "c4",
      "est": 0.330494825388925,
      "se": 0.0584399272869067,
      "z": 5.6552915229751,
      "pvalue": 1.55581971750252e-08,
      "ci.lower": 0.215954672647448,
      "ci.upper": 0.445034978130401
    },
    {
      "lhs": "t1",
      "op": "~~",
      "rhs": "t1",
      "est": 0.579822405605589,
      "se": 0.0801947703687833,
      "z": 7.23017726641301,
      "pvalue": 4.82280881897168e-13,
      "ci.lower": 0.422643543934314,
      "ci.upper": 0.737001267276864
    },
    {
      "lhs": "t2",
      "op": "~~",
      "rhs": "t2",
      "est": 0.595593421011103,
      "se": 0.0542997427057472,
      "z": 10.9686232628882,
      "pvalue": 0,
      "ci.lower": 0.489167880938047,
      "ci.upper": 0.702018961084159
    },
    {
      "lhs": "t3",
      "op": "~~",
      "rhs": "t3",
      "est": 0.481412208045636,
      "se": 0.0550493265273401,
      "z": 8.74510622407967,
      "pvalue": 0,
      "ci.lower": 0.373517510678864,
      "ci.upper": 0.589306905412408
    },
    {
      "lhs": "t4",
      "op": "~~",
      "rhs": "t4",
      "est": 0.535206536968928,
      "se": 0.0979168507073349,
      "z": 5.46592882739473,
      "pvalue": 4.60489089082472e-08,
      "ci.lower": 0.343293036102966,
      "ci.upper": 0.727120037834889
    },
    {
      "lhs": "i",
      "op": "~~",
      "rhs": "i",
      "est": 1.07945768202176,
      "se": 0.112340565612078,
      "z": 9.60879693048038,
      "pvalue": 0,
      "ci.lower": 0.859274219419233,
      "ci.upper": 1.2996411446243
    },
    {
      "lhs": "s",
      "op": "~~",
      "rhs": "s",
      "est": 0.223762905982476,
      "se": 0.0265481617635238,
      "z": 8.42856495962438,
      "pvalue": 0,
      "ci.lower": 0.171729465070226,
      "ci.upper": 0.275796346894726
    },
    {
      "lhs": "i",
      "op": "~~",
      "rhs": "s",
      "est": 0.0747532408117512,
      "se": 0.0403064151762312,
      "z": 1.85462389758326,
      "pvalue": 0.0636499530830228,
      "ci.lower": -0.00424588127958063,
      "ci.upper": 0.153752362903083
    },
    {
      "lhs": "x1",
      "op": "~~",
      "rhs": "x1",
      "est": 1.05569859544727,
      "se": 0,
      "z": null,
      "pvalue": null,
      "ci.lower": 1.05569859544727,
      "ci.upper": 1.05569859544727
    },
    {
      "lhs": "x1",
      "op": "~~",
      "rhs": "x2",
      "est": 0.153308197798349,
      "se": 0,
      "z": null,
      "pvalue": null,
      "ci.lower": 0.153308197798349,
      "ci.upper": 0.153308197798349
    },
    {
      "lhs": "x1",
      "op": "~~",
      "rhs": "c1",
      "est": -0.0378434464502648,
      "se": 0,
      "z": null,
      "pvalue": null,
      "ci.lower": -0.0378434464502648,
      "ci.upper": -0.0378434464502648
    },
    {
      "lhs": "x1",
      "op": "~~",
      "rhs": "c2",
      "est": 0.0261288145410711,
      "se": 0,
      "z": null,
      "pvalue": null,
      "ci.lower": 0.0261288145410711,
      "ci.upper": 0.0261288145410711
    },
    {
      "lhs": "x1",
      "op": "~~",
      "rhs": "c3",
      "est": 0.0333254944733032,
      "se": 0,
      "z": null,
      "pvalue": null,
      "ci.lower": 0.0333254944733032,
      "ci.upper": 0.0333254944733032
    },
    {
      "lhs": "x1",
      "op": "~~",
      "rhs": "c4",
      "est": -0.0248068889862604,
      "se": 0,
      "z": null,
      "pvalue": null,
      "ci.lower": -0.0248068889862604,
      "ci.upper": -0.0248068889862604
    },
    {
      "lhs": "x2",
      "op": "~~",
      "rhs": "x2",
      "est": 0.923796964450734,
      "se": 0,
      "z": null,
      "pvalue": null,
      "ci.lower": 0.923796964450734,
      "ci.upper": 0.923796964450734
    },
    {
      "lhs": "x2",
      "op": "~~",
      "rhs": "c1",
      "est": -0.0189596229455319,
      "se": 0,
      "z": null,
      "pvalue": null,
      "ci.lower": -0.0189596229455319,
      "ci.upper": -0.0189596229455319
    },
    {
      "lhs": "x2",
      "op": "~~",
      "rhs": "c2",
      "est": -0.00731250548536405,
      "se": 0,
      "z": null,
      "pvalue": null,
      "ci.lower": -0.00731250548536405,
      "ci.upper": -0.00731250548536405
    },
    {
      "lhs": "x2",
      "op": "~~",
      "rhs": "c3",
      "est": 0.145306566380634,
      "se": 0,
      "z": null,
      "pvalue": null,
      "ci.lower": 0.145306566380634,
      "ci.upper": 0.145306566380634
    },
    {
      "lhs": "x2",
      "op": "~~",
      "rhs": "c4",
      "est": -0.101611684973165,
      "se": 0,
      "z": null,
      "pvalue": null,
      "ci.lower": -0.101611684973165,
      "ci.upper": -0.101611684973165
    },
    {
      "lhs": "c1",
      "op": "~~",
      "rhs": "c1",
      "est": 0.972356369544608,
      "se": 0,
      "z": null,
      "pvalue": null,
      "ci.lower": 0.972356369544608,
      "ci.upper": 0.972356369544608
    },
    {
      "lhs": "c1",
      "op": "~~",
      "rhs": "c2",
      "est": 0.0799124195946084,
      "se": 0,
      "z": null,
      "pvalue": null,
      "ci.lower": 0.0799124195946084,
      "ci.upper": 0.0799124195946084
    },
    {
      "lhs": "c1",
      "op": "~~",
      "rhs": "c3",
      "est": -0.0300298985871441,
      "se": 0,
      "z": null,
      "pvalue": null,
      "ci.lower": -0.0300298985871441,
      "ci.upper": -0.0300298985871441
    },
    {
      "lhs": "c1",
      "op": "~~",
      "rhs": "c4",
      "est": 0.127622826144735,
      "se": 0,
      "z": null,
      "pvalue": null,
      "ci.lower": 0.127622826144735,
      "ci.upper": 0.127622826144735
    },
    {
      "lhs": "c2",
      "op": "~~",
      "rhs": "c2",
      "est": 0.89907429257154,
      "se": 0,
      "z": null,
      "pvalue": null,
      "ci.lower": 0.89907429257154,
      "ci.upper": 0.89907429257154
    },
    {
      "lhs": "c2",
      "op": "~~",
      "rhs": "c3",
      "est": 0.00124949732825712,
      "se": 0,
      "z": null,
      "pvalue": null,
      "ci.lower": 0.00124949732825712,
      "ci.upper": 0.00124949732825712
    },
    {
      "lhs": "c2",
      "op": "~~",
      "rhs": "c4",
      "est": 0.0319045689400441,
      "se": 0,
      "z": null,
      "pvalue": null,
      "ci.lower": 0.0319045689400441,
      "ci.upper": 0.0319045689400441
    },
    {
      "lhs": "c3",
      "op": "~~",
      "rhs": "c3",
      "est": 0.871794489287316,
      "se": 0,
      "z": null,
      "pvalue": null,
      "ci.lower": 0.871794489287316,
      "ci.upper": 0.871794489287316
    },
    {
      "lhs": "c3",
      "op": "~~",
      "rhs": "c4",
      "est": 0.0351258976917914,
      "se": 0,
      "z": null,
      "pvalue": null,
      "ci.lower": 0.0351258976917914,
      "ci.upper": 0.0351258976917914
    },
    {
      "lhs": "c4",
      "op": "~~",
      "rhs": "c4",
      "est": 0.851340590412743,
      "se": 0,
      "z": null,
      "pvalue": null,
      "ci.lower": 0.851340590412743,
      "ci.upper": 0.851340590412743
    },
    {
      "lhs": "t1",
      "op": "~1",
      "rhs": "",
      "est": 0,
      "se": 0,
      "z": null,
      "pvalue": null,
      "ci.lower": 0,
      "ci.upper": 0
    },
    {
      "lhs": "t2",
      "op": "~1",
      "rhs": "",
      "est": 0,
      "se": 0,
      "z": null,
      "pvalue": null,
      "ci.lower": 0,
      "ci.upper": 0
    },
    {
      "lhs": "t3",
      "op": "~1",
      "rhs": "",
      "est": 0,
      "se": 0,
      "z": null,
      "pvalue": null,
      "ci.lower": 0,
      "ci.upper": 0
    },
    {
      "lhs": "t4",
      "op": "~1",
      "rhs": "",
      "est": 0,
      "se": 0,
      "z": null,
      "pvalue": null,
      "ci.lower": 0,
      "ci.upper": 0
    },
    {
      "lhs": "x1",
      "op": "~1",
      "rhs": "",
      "est": -0.0921000062963075,
      "se": 0,
      "z": null,
      "pvalue": null,
      "ci.lower": -0.0921000062963075,
      "ci.upper": -0.0921000062963075
    },
    {
      "lhs": "x2",
      "op": "~1",
      "rhs": "",
      "est": 0.138317590743853,
      "se": 0,
      "z": null,
      "pvalue": null,
      "ci.lower": 0.138317590743853,
      "ci.upper": 0.138317590743853
    },
    {
      "lhs": "c1",
      "op": "~1",
      "rhs": "",
      "est": 0.00778779780683561,
      "se": 0,
      "z": null,
      "pvalue": null,
      "ci.lower": 0.00778779780683561,
      "ci.upper": 0.00778779780683561
    },
    {
      "lhs": "c2",
      "op": "~1",
      "rhs": "",
      "est": 0.0289261018430365,
      "se": 0,
      "z": null,
      "pvalue": null,
      "ci.lower": 0.0289261018430365,
      "ci.upper": 0.0289261018430365
    },
    {
      "lhs": "c3",
      "op": "~1",
      "rhs": "",
      "est": 0.0676427473041324,
      "se": 0,
      "z": null,
      "pvalue": null,
      "ci.lower": 0.0676427473041324,
      "ci.upper": 0.0676427473041324
    },
    {
      "lhs": "c4",
      "op": "~1",
      "rhs": "",
      "est": -0.0180016928482588,
      "se": 0,
      "z": null,
      "pvalue": null,
      "ci.lower": -0.0180016928482588,
      "ci.upper": -0.0180016928482588
    },
    {
      "lhs": "i",
      "op": "~1",
      "rhs": "",
      "est": 0.580238368534918,
      "se": 0.0619415896508692,
      "z": 9.36750851577112,
      "pvalue": 0,
      "ci.lower": 0.458835083674055,
      "ci.upper": 0.70164165339578
    },
    {
      "lhs": "s",
      "op": "~1",
      "rhs": "",
      "est": 0.957579710808159,
      "se": 0.0294170191180272,
      "z": 32.5518947710558,
      "pvalue": 0,
      "ci.lower": 0.899923412804299,
      "ci.upper": 1.01523600881202
    }
  ],
  "sigma_hat": {
    "rows": ["t1", "t2", "t3", "t4", "x1", "x2", "c1", "c2", "c3", "c4"],
    "cols": ["t1", "t2", "t3", "t4", "x1", "x2", "c1", "c2", "c3", "c4"],
    "values": [
      [2.50995414266378, 2.52617359792632, 3.1579814982471, 3.70922477798023, 0.72946228872315, 0.648624727289257, 0.104916130130132, 0.0229348178052191, 0.103750503537789, -0.0581809810174162],
      [2.52617359792632, 4.40347361793386, 4.98974066491618, 6.08258373905858, 1.09926988979125, 1.1714054750467, -0.0311979191185878, 0.274351797696851, 0.192966645626926, -0.126775158634743],
      [3.1579814982471, 4.98974066491618, 7.46480164560478, 8.55280359094943, 1.45946508767114, 1.74328828163134, -0.0839446911838086, 0.0179618392947454, 0.562700988196975, -0.184009873323734],
      [3.70922477798023, 6.08258373905858, 8.55280359094943, 11.3313804654273, 1.79718237054265, 2.18428890938421, -0.0517459350356044, 0.0311337253534579, 0.373314590051622, 0.026329522159619],
      [0.72946228872315, 1.09926988979125, 1.45946508767114, 1.79718237054265, 1.05569859544727, 0.153308197798349, -0.0378434464502648, 0.0261288145410711, 0.0333254944733032, -0.0248068889862604],
      [0.648624727289257, 1.1714054750467, 1.74328828163134, 2.18428890938421, 0.153308197798349, 0.923796964450734, -0.0189596229455319, -0.00731250548536405, 0.145306566380634, -0.101611684973165],
      [0.104916130130132, -0.0311979191185878, -0.0839446911838086, -0.0517459350356044, -0.0378434464502648, -0.0189596229455319, 0.972356369544608, 0.0799124195946084, -0.0300298985871441, 0.127622826144735],
      [0.0229348178052191, 0.274351797696851, 0.0179618392947454, 0.0311337253534579, 0.0261288145410711, -0.00731250548536405, 0.0799124195946084, 0.89907429257154, 0.00124949732825712, 0.0319045689400441],
      [0.103750503537789, 0.192966645626926, 0.562700988196975, 0.373314590051622, 0.0333254944733032, 0.145306566380634, -0.0300298985871441, 0.00124949732825712, 0.871794489287316, 0.0351258976917914],
      [-0.0581809810174162, -0.126775158634743, -0.184009873323734, 0.026329522159619, -0.0248068889862604, -0.101611684973165, 0.127622826144735, 0.0319045689400441, 0.0351258976917914, 0.851340590412743]
    ]
  },
  "mu_hat": {
    "rows": ["t1", "t2", "t3", "t4", "x1", "x2", "c1", "c2", "c3", "c4"],
    "cols": [],
    "values": [
      [0.608880991174135],
      [1.62171623934966],
      [2.64110393417403],
      [3.61859084880184],
      [-0.0921000062963075],
      [0.138317590743853],
      [0.00778779780683561],
      [0.0289261018430365],
      [0.0676427473041324],
      [-0.0180016928482588]
    ]
  }
}
