{
  "case_id": "bollen_democracy_sem",
  "estimator": "ML",
  "reference_engine": "lavaan",
  "reference_version": "0.6.22.2560",
  "generated_at": "2026-05-15T15:36:42Z",
  "model": "ind60 =~ x1 + x2 + x3\ndem60 =~ y1 + y2 + y3 + y4\ndem65 =~ y5 + y6 + y7 + y8\n\ndem60 ~ ind60\ndem65 ~ ind60 + dem60\n\ny1 ~~ y5\ny2 ~~ y4 + y6\ny3 ~~ y7\ny4 ~~ y8\ny6 ~~ y8\n",
  "n_obs": 75,
  "variables": ["x1", "x2", "x3", "y1", "y2", "y3", "y4", "y5", "y6", "y7", "y8"],
  "converged": true,
  "iterations": 68,
  "objective": 0.254168121520389,
  "chisq": 38.1252182280584,
  "df": 35,
  "pvalue": 0.32918035322505,
  "theta_names": ["ind60=~x2[1]", "ind60=~x3[2]", "dem60=~y2[3]", "dem60=~y3[4]", "dem60=~y4[5]", "dem65=~y6[6]", "dem65=~y7[7]", "dem65=~y8[8]", "dem60~ind60[9]", "dem65~ind60[10]", "dem65~dem60[11]", "y1~~y5[12]", "y2~~y4[13]", "y2~~y6[14]", "y3~~y7[15]", "y4~~y8[16]", "y6~~y8[17]", "x1~~x1[18]", "x2~~x2[19]", "x3~~x3[20]", "y1~~y1[21]", "y2~~y2[22]", "y3~~y3[23]", "y4~~y4[24]", "y5~~y5[25]", "y6~~y6[26]", "y7~~y7[27]", "y8~~y8[28]", "ind60~~ind60[29]", "dem60~~dem60[30]", "dem65~~dem65[31]"],
  "theta_hat": [2.18036773093799, 1.81851130390037, 1.25674649791292, 1.05771677041185, 1.26478653624678, 1.18569629880997, 1.27951217694957, 1.26594698075209, 1.48300054022543, 0.57233619475932, 0.837344811202947, 0.623671074030225, 1.31311257673291, 2.15286126610351, 0.794960276374887, 0.348226039083802, 1.35616712069039, 0.0815493454004797, 0.119806478198423, 0.466702578156235, 1.89139551968812, 7.37286854022783, 5.06746209955855, 3.1479047972895, 2.350970469996, 4.95396775008949, 3.43137392075022, 3.25408501484355, 0.448437150951414, 3.95603310783351, 0.172481325461863],
  "parameter_table": [
    {
      "lhs": "ind60",
      "op": "=~",
      "rhs": "x1",
      "est": 1,
      "se": 0,
      "z": null,
      "pvalue": null,
      "ci.lower": 1,
      "ci.upper": 1
    },
    {
      "lhs": "ind60",
      "op": "=~",
      "rhs": "x2",
      "est": 2.18036773093799,
      "se": 0.13850927581342,
      "z": 15.7416730261089,
      "pvalue": 0,
      "ci.lower": 1.90889453881896,
      "ci.upper": 2.45184092305702
    },
    {
      "lhs": "ind60",
      "op": "=~",
      "rhs": "x3",
      "est": 1.81851130390037,
      "se": 0.151958123393728,
      "z": 11.967187165036,
      "pvalue": 0,
      "ci.lower": 1.52067885489037,
      "ci.upper": 2.11634375291037
    },
    {
      "lhs": "dem60",
      "op": "=~",
      "rhs": "y1",
      "est": 1,
      "se": 0,
      "z": null,
      "pvalue": null,
      "ci.lower": 1,
      "ci.upper": 1
    },
    {
      "lhs": "dem60",
      "op": "=~",
      "rhs": "y2",
      "est": 1.25674649791292,
      "se": 0.182439625083042,
      "z": 6.88856106419247,
      "pvalue": 5.63593616220714e-12,
      "ci.lower": 0.899171403397163,
      "ci.upper": 1.61432159242867
    },
    {
      "lhs": "dem60",
      "op": "=~",
      "rhs": "y3",
      "est": 1.05771677041185,
      "se": 0.151383167907233,
      "z": 6.98701701803478,
      "pvalue": 2.80797607388195e-12,
      "ci.lower": 0.761011213448095,
      "ci.upper": 1.35442232737561
    },
    {
      "lhs": "dem60",
      "op": "=~",
      "rhs": "y4",
      "est": 1.26478653624678,
      "se": 0.145006216512974,
      "z": 8.72229182073455,
      "pvalue": 0,
      "ci.lower": 0.980579574346933,
      "ci.upper": 1.54899349814663
    },
    {
      "lhs": "dem65",
      "op": "=~",
      "rhs": "y5",
      "est": 1,
      "se": 0,
      "z": null,
      "pvalue": null,
      "ci.lower": 1,
      "ci.upper": 1
    },
    {
      "lhs": "dem65",
      "op": "=~",
      "rhs": "y6",
      "est": 1.18569629880997,
      "se": 0.168810424671378,
      "z": 7.02383339842995,
      "pvalue": 2.15871764908115e-12,
      "ci.lower": 0.854833946239158,
      "ci.upper": 1.51655865138079
    },
    {
      "lhs": "dem65",
      "op": "=~",
      "rhs": "y7",
      "est": 1.27951217694957,
      "se": 0.159901625501362,
      "z": 8.00187098122195,
      "pvalue": 1.33226762955019e-15,
      "ci.lower": 0.966110749897489,
      "ci.upper": 1.59291360400165
    },
    {
      "lhs": "dem65",
      "op": "=~",
      "rhs": "y8",
      "est": 1.26594698075209,
      "se": 0.158111128469257,
      "z": 8.00669119883134,
      "pvalue": 1.11022302462516e-15,
      "ci.lower": 0.956054863397361,
      "ci.upper": 1.57583909810682
    },
    {
      "lhs": "dem60",
      "op": "~",
      "rhs": "ind60",
      "est": 1.48300054022543,
      "se": 0.39914860866802,
      "z": 3.7154095192121,
      "pvalue": 0.000202874853353796,
      "ci.lower": 0.700683642756835,
      "ci.upper": 2.26531743769402
    },
    {
      "lhs": "dem65",
      "op": "~",
      "rhs": "ind60",
      "est": 0.57233619475932,
      "se": 0.221313792034602,
      "z": 2.58608462444959,
      "pvalue": 0.009707309424976,
      "ci.lower": 0.138569133089512,
      "ci.upper": 1.00610325642913
    },
    {
      "lhs": "dem65",
      "op": "~",
      "rhs": "dem60",
      "est": 0.837344811202947,
      "se": 0.0983509576681464,
      "z": 8.51384502048569,
      "pvalue": 0,
      "ci.lower": 0.644580476328356,
      "ci.upper": 1.03010914607754
    },
    {
      "lhs": "y1",
      "op": "~~",
      "rhs": "y5",
      "est": 0.623671074030225,
      "se": 0.35832022743272,
      "z": 1.740541075503,
      "pvalue": 0.0817640540660227,
      "ci.lower": -0.078623666670107,
      "ci.upper": 1.32596581473056
    },
    {
      "lhs": "y2",
      "op": "~~",
      "rhs": "y4",
      "est": 1.31311257673291,
      "se": 0.701983268421086,
      "z": 1.87057531967448,
      "pvalue": 0.0614039681237302,
      "ci.lower": -0.0627493471221345,
      "ci.upper": 2.68897450058795
    },
    {
      "lhs": "y2",
      "op": "~~",
      "rhs": "y6",
      "est": 2.15286126610351,
      "se": 0.733775932984817,
      "z": 2.93394913805119,
      "pvalue": 0.00334679046794228,
      "ci.lower": 0.714686864730997,
      "ci.upper": 3.59103566747603
    },
    {
      "lhs": "y3",
      "op": "~~",
      "rhs": "y7",
      "est": 0.794960276374887,
      "se": 0.607698047456939,
      "z": 1.30815012439417,
      "pvalue": 0.190822395042678,
      "ci.lower": -0.396106010116027,
      "ci.upper": 1.9860265628658
    },
    {
      "lhs": "y4",
      "op": "~~",
      "rhs": "y8",
      "est": 0.348226039083802,
      "se": 0.442240063458797,
      "z": 0.787414049193771,
      "pvalue": 0.431039525120503,
      "ci.lower": -0.518548557816149,
      "ci.upper": 1.21500063598375
    },
    {
      "lhs": "y6",
      "op": "~~",
      "rhs": "y8",
      "est": 1.35616712069039,
      "se": 0.568286088953423,
      "z": 2.3864161855307,
      "pvalue": 0.0170134849955328,
      "ci.lower": 0.242346853426556,
      "ci.upper": 2.46998738795423
    },
    {
      "lhs": "x1",
      "op": "~~",
      "rhs": "x1",
      "est": 0.0815493454004797,
      "se": 0.0194897389908495,
      "z": 4.18421947255258,
      "pvalue": 2.86147560029093e-05,
      "ci.lower": 0.0433501589103287,
      "ci.upper": 0.119748531890631
    },
    {
      "lhs": "x2",
      "op": "~~",
      "rhs": "x2",
      "est": 0.119806478198423,
      "se": 0.0697206404642648,
      "z": 1.71837891047243,
      "pvalue": 0.0857275245081039,
      "ci.lower": -0.0168434660906019,
      "ci.upper": 0.256456422487448
    },
    {
      "lhs": "x3",
      "op": "~~",
      "rhs": "x3",
      "est": 0.466702578156235,
      "se": 0.0901564950492947,
      "z": 5.17658298385554,
      "pvalue": 2.25986560797864e-07,
      "ci.lower": 0.289999094887254,
      "ci.upper": 0.643406061425216
    },
    {
      "lhs": "y1",
      "op": "~~",
      "rhs": "y1",
      "est": 1.89139551968812,
      "se": 0.444423793047537,
      "z": 4.25583766953227,
      "pvalue": 2.08267778309956e-05,
      "ci.lower": 1.02034089144227,
      "ci.upper": 2.76245014793397
    },
    {
      "lhs": "y2",
      "op": "~~",
      "rhs": "y2",
      "est": 7.37286854022783,
      "se": 1.37389267218399,
      "z": 5.36640793673328,
      "pvalue": 8.03201680721344e-08,
      "ci.lower": 4.68008838412372,
      "ci.upper": 10.0656486963319
    },
    {
      "lhs": "y3",
      "op": "~~",
      "rhs": "y3",
      "est": 5.06746209955855,
      "se": 0.951727082521064,
      "z": 5.32449080479581,
      "pvalue": 1.01236222738166e-07,
      "ci.lower": 3.20211129470588,
      "ci.upper": 6.93281290441121
    },
    {
      "lhs": "y4",
      "op": "~~",
      "rhs": "y4",
      "est": 3.1479047972895,
      "se": 0.738784120582108,
      "z": 4.26092644602212,
      "pvalue": 2.03581231339456e-05,
      "ci.lower": 1.69991452859848,
      "ci.upper": 4.59589506598053
    },
    {
      "lhs": "y5",
      "op": "~~",
      "rhs": "y5",
      "est": 2.350970469996,
      "se": 0.480238605529475,
      "z": 4.89542165691573,
      "pvalue": 9.8095166145562e-07,
      "ci.lower": 1.40972009917249,
      "ci.upper": 3.29222084081951
    },
    {
      "lhs": "y6",
      "op": "~~",
      "rhs": "y6",
      "est": 4.95396775008949,
      "se": 0.914246760415897,
      "z": 5.41863309183169,
      "pvalue": 6.00564233899092e-08,
      "ci.lower": 3.16207702669192,
      "ci.upper": 6.74585847348707
    },
    {
      "lhs": "y7",
      "op": "~~",
      "rhs": "y7",
      "est": 3.43137392075022,
      "se": 0.71284340476721,
      "z": 4.81364335813808,
      "pvalue": 1.48203197247732e-06,
      "ci.lower": 2.03422652078958,
      "ci.upper": 4.82852132071086
    },
    {
      "lhs": "y8",
      "op": "~~",
      "rhs": "y8",
      "est": 3.25408501484355,
      "se": 0.694604197223161,
      "z": 4.68480471015364,
      "pvalue": 2.80226990057031e-06,
      "ci.lower": 1.8926858047758,
      "ci.upper": 4.6154842249113
    },
    {
      "lhs": "ind60",
      "op": "~~",
      "rhs": "ind60",
      "est": 0.448437150951414,
      "se": 0.0866917092640797,
      "z": 5.1727801280903,
      "pvalue": 2.30636352682723e-07,
      "ci.lower": 0.2785245230356,
      "ci.upper": 0.618349778867227
    },
    {
      "lhs": "dem60",
      "op": "~~",
      "rhs": "dem60",
      "est": 3.95603310783351,
      "se": 0.9211847060599,
      "z": 4.29450584861997,
      "pvalue": 1.75082866160636e-05,
      "ci.lower": 2.15054426084699,
      "ci.upper": 5.76152195482003
    },
    {
      "lhs": "dem65",
      "op": "~~",
      "rhs": "dem65",
      "est": 0.172481325461863,
      "se": 0.214804591985849,
      "z": 0.802968520678669,
      "pvalue": 0.421992929579228,
      "ci.lower": -0.248527938544223,
      "ci.upper": 0.593490589467948
    }
  ],
  "sigma_hat": {
    "rows": ["x1", "x2", "x3", "y1", "y2", "y3", "y4", "y5", "y6", "y7", "y8"],
    "cols": ["x1", "x2", "x3", "y1", "y2", "y3", "y4", "y5", "y6", "y7", "y8"],
    "values": [
      [0.529986496351893, 0.977757893288232, 0.815488028094022, 0.665032537118097, 0.835777312021309, 0.703416067379353, 0.841124199113006, 0.813518356801212, 0.964585704673167, 1.04090664369916, 1.0298711075789],
      [0.977757893288232, 2.251678237394, 1.77806378142246, 1.45001548395612, 1.82230188138136, 1.53370569473725, 1.83396006145706, 1.77376917369506, 2.10315154419346, 2.26955925684061, 2.24549772999039],
      [0.815488028094022, 1.77806378142246, 1.94967677544064, 1.2093691862108, 1.51987048945422, 1.2791700698745, 1.52959386407115, 1.47939232777346, 1.75411000752886, 1.89290049787191, 1.87283225069262],
      [0.665032537118097, 1.45001548395612, 1.2093691862108, 6.83367223933525, 6.21118895913306, 5.22752897038684, 6.2509250534156, 5.14268303244118, 5.35817575336587, 5.78213082856754, 5.72082954473294],
      [0.835777312021309, 1.82230188138136, 1.51987048945422, 6.21118895913306, 15.1787585124937, 6.56967872627197, 9.16894074632906, 5.67925245275955, 8.88672987934797, 7.26667266927656, 7.18963249549985],
      [0.703416067379353, 1.53370569473725, 1.2791700698745, 5.22752897038684, 6.56967872627197, 10.5967071593505, 6.61170825958527, 4.77983473410297, 5.66743235314923, 6.91081702246615, 6.05101735013162],
      [0.841124199113006, 1.83396006145706, 1.52959386407115, 6.2509250534156, 9.16894074632906, 6.61170825958527, 11.0539906439372, 5.71558548213637, 6.7769485517011, 7.31316122278967, 7.58385422342482],
      [0.813518356801212, 1.77376917369506, 1.47939232777346, 5.14268303244118, 5.67925245275955, 4.77983473410297, 5.71558548213637, 6.7730290112958, 5.2432184455402, 5.65807775077695, 5.59809165906748],
      [0.964585704673167, 2.10315154419346, 1.75411000752886, 5.35817575336587, 8.88672987934797, 5.66743235314923, 6.7769485517011, 5.2432184455402, 11.1708324548187, 6.70876184747528, 7.99380368124567],
      [1.04090664369916, 2.26955925684061, 1.89290049787191, 5.78213082856754, 7.26667266927656, 6.91081702246615, 7.31316122278967, 5.65807775077695, 6.70876184747528, 10.6709533009968, 7.16282644545666],
      [1.0298711075789, 2.2454977299904, 1.87283225069262, 5.72082954473294, 7.18963249549985, 6.05101735013162, 7.58385422342482, 5.59809165906748, 7.99380368124567, 7.16282644545666, 10.3409722486135]
    ]
  },
  "mu_hat": null
}
