{
  "case_id": "bfi_5factor",
  "estimator": "ML",
  "reference_engine": "lavaan",
  "reference_version": "0.6.22.2560",
  "generated_at": "2026-05-16T06:16:41Z",
  "model": "agreeableness     =~ A1 + A2 + A3 + A4 + A5\nconscientiousness =~ C1 + C2 + C3 + C4 + C5\nextraversion      =~ E1 + E2 + E3 + E4 + E5\nneuroticism       =~ N1 + N2 + N3 + N4 + N5\nopenness          =~ O1 + O2 + O3 + O4 + O5",
  "n_obs": 2436,
  "variables": ["A1", "A2", "A3", "A4", "A5", "C1", "C2", "C3", "C4", "C5", "E1", "E2", "E3", "E4", "E5", "N1", "N2", "N3", "N4", "N5", "O1", "O2", "O3", "O4", "O5"],
  "converged": true,
  "iterations": 55,
  "objective": 0.854981000900011,
  "chisq": 4165.46743638485,
  "df": 265,
  "pvalue": 0,
  "theta_names": ["agreeableness=~A2[1]", "agreeableness=~A3[2]", "agreeableness=~A4[3]", "agreeableness=~A5[4]", "conscientiousness=~C2[5]", "conscientiousness=~C3[6]", "conscientiousness=~C4[7]", "conscientiousness=~C5[8]", "extraversion=~E2[9]", "extraversion=~E3[10]", "extraversion=~E4[11]", "extraversion=~E5[12]", "neuroticism=~N2[13]", "neuroticism=~N3[14]", "neuroticism=~N4[15]", "neuroticism=~N5[16]", "openness=~O2[17]", "openness=~O3[18]", "openness=~O4[19]", "openness=~O5[20]", "A1~~A1[21]", "A2~~A2[22]", "A3~~A3[23]", "A4~~A4[24]", "A5~~A5[25]", "C1~~C1[26]", "C2~~C2[27]", "C3~~C3[28]", "C4~~C4[29]", "C5~~C5[30]", "E1~~E1[31]", "E2~~E2[32]", "E3~~E3[33]", "E4~~E4[34]", "E5~~E5[35]", "N1~~N1[36]", "N2~~N2[37]", "N3~~N3[38]", "N4~~N4[39]", "N5~~N5[40]", "O1~~O1[41]", "O2~~O2[42]", "O3~~O3[43]", "O4~~O4[44]", "O5~~O5[45]", "agreeableness~~agreeableness[46]", "conscientiousness~~conscientiousness[47]", "extraversion~~extraversion[48]", "neuroticism~~neuroticism[49]", "openness~~openness[50]", "agreeableness~~conscientiousness[51]", "agreeableness~~extraversion[52]", "agreeableness~~neuroticism[53]", "agreeableness~~openness[54]", "conscientiousness~~extraversion[55]", "conscientiousness~~neuroticism[56]", "conscientiousness~~openness[57]", "extraversion~~neuroticism[58]", "extraversion~~openness[59]", "neuroticism~~openness[60]"],
  "theta_hat": [-1.57872122470929, -2.02969785675752, -1.56421929317096, -1.80402126680107, 1.14778045495569, 1.03620800040617, -1.42113540505888, -1.48856371021132, 1.22559770315427, -0.921113887913926, -1.12100422879563, -0.80781090921001, 0.946740380858239, 0.883850490051044, 0.691774735693794, 0.627829588650394, -1.0201511029222, 1.37278465948689, 0.436585654283832, -0.959632571644431, 1.7449774184788, 0.806646602508279, 0.753503822285702, 1.63155061489597, 0.851587463765797, 1.06259089369578, 1.12994884583572, 1.1697617042289, 0.960113837210126, 1.63952977150906, 1.81397810153339, 1.33193702507719, 1.10831954304603, 1.08764885748807, 1.25137535668903, 0.79321671831583, 0.835744255076835, 1.22231420389902, 1.6543426536718, 1.96878774088131, 0.864980079854893, 1.99026060760193, 0.691031528762549, 1.34603231187444, 1.3804968653743, 0.234350153464175, 0.462650080919104, 0.846483140442286, 1.6892583499516, 0.403755782434909, -0.109952363541093, 0.30399628470241, 0.140534785768992, -0.0933484501792035, -0.223715800737939, -0.250059645137776, 0.13009391106999, 0.291526464724504, -0.264723839453899, -0.0925507752548382],
  "parameter_table": [
    {
      "lhs": "agreeableness",
      "op": "=~",
      "rhs": "A1",
      "est": 1,
      "se": 0,
      "z": null,
      "pvalue": null,
      "ci.lower": 1,
      "ci.upper": 1
    },
    {
      "lhs": "agreeableness",
      "op": "=~",
      "rhs": "A2",
      "est": -1.57872122470929,
      "se": 0.107760182388579,
      "z": -14.6503206445632,
      "pvalue": 0,
      "ci.lower": -1.78992730115837,
      "ci.upper": -1.36751514826021
    },
    {
      "lhs": "agreeableness",
      "op": "=~",
      "rhs": "A3",
      "est": -2.02969785675752,
      "se": 0.134476515471005,
      "z": -15.0933257725224,
      "pvalue": 0,
      "ci.lower": -2.29326698384713,
      "ci.upper": -1.76612872966791
    },
    {
      "lhs": "agreeableness",
      "op": "=~",
      "rhs": "A4",
      "est": -1.56421929317096,
      "se": 0.114882878237533,
      "z": -13.6157738835265,
      "pvalue": 0,
      "ci.lower": -1.78938559695682,
      "ci.upper": -1.33905298938509
    },
    {
      "lhs": "agreeableness",
      "op": "=~",
      "rhs": "A5",
      "est": -1.80402126680107,
      "se": 0.121463780290122,
      "z": -14.8523392116735,
      "pvalue": 0,
      "ci.lower": -2.04208590159579,
      "ci.upper": -1.56595663200634
    },
    {
      "lhs": "conscientiousness",
      "op": "=~",
      "rhs": "C1",
      "est": 1,
      "se": 0,
      "z": null,
      "pvalue": null,
      "ci.lower": 1,
      "ci.upper": 1
    },
    {
      "lhs": "conscientiousness",
      "op": "=~",
      "rhs": "C2",
      "est": 1.14778045495569,
      "se": 0.0569560806937633,
      "z": 20.1520266313088,
      "pvalue": 0,
      "ci.lower": 1.03614858809536,
      "ci.upper": 1.25941232181602
    },
    {
      "lhs": "conscientiousness",
      "op": "=~",
      "rhs": "C3",
      "est": 1.03620800040617,
      "se": 0.054048482438996,
      "z": 19.1718241409595,
      "pvalue": 0,
      "ci.lower": 0.93027492140669,
      "ci.upper": 1.14214107940565
    },
    {
      "lhs": "conscientiousness",
      "op": "=~",
      "rhs": "C4",
      "est": -1.42113540505888,
      "se": 0.0648204547994787,
      "z": -21.9241813321912,
      "pvalue": 0,
      "ci.lower": -1.54818116192736,
      "ci.upper": -1.29408964819039
    },
    {
      "lhs": "conscientiousness",
      "op": "=~",
      "rhs": "C5",
      "est": -1.48856371021132,
      "se": 0.0719316866395674,
      "z": -20.6941304973169,
      "pvalue": 0,
      "ci.lower": -1.62954722537209,
      "ci.upper": -1.34758019505054
    },
    {
      "lhs": "extraversion",
      "op": "=~",
      "rhs": "E1",
      "est": 1,
      "se": 0,
      "z": null,
      "pvalue": null,
      "ci.lower": 1,
      "ci.upper": 1
    },
    {
      "lhs": "extraversion",
      "op": "=~",
      "rhs": "E2",
      "est": 1.22559770315427,
      "se": 0.0512834450700898,
      "z": 23.898505677207,
      "pvalue": 0,
      "ci.lower": 1.12508399781376,
      "ci.upper": 1.32611140849479
    },
    {
      "lhs": "extraversion",
      "op": "=~",
      "rhs": "E3",
      "est": -0.921113887913926,
      "se": 0.0410641092119488,
      "z": -22.4311182098138,
      "pvalue": 0,
      "ci.lower": -1.00159806302657,
      "ci.upper": -0.840629712801287
    },
    {
      "lhs": "extraversion",
      "op": "=~",
      "rhs": "E4",
      "est": -1.12100422879563,
      "se": 0.04675387713128,
      "z": -23.9767116136266,
      "pvalue": 0,
      "ci.lower": -1.21264014411055,
      "ci.upper": -1.02936831348071
    },
    {
      "lhs": "extraversion",
      "op": "=~",
      "rhs": "E5",
      "est": -0.80781090921001,
      "se": 0.0391230409405418,
      "z": -20.6479580776377,
      "pvalue": 0,
      "ci.lower": -0.884490660419158,
      "ci.upper": -0.731131158000862
    },
    {
      "lhs": "neuroticism",
      "op": "=~",
      "rhs": "N1",
      "est": 1,
      "se": 0,
      "z": null,
      "pvalue": null,
      "ci.lower": 1,
      "ci.upper": 1
    },
    {
      "lhs": "neuroticism",
      "op": "=~",
      "rhs": "N2",
      "est": 0.946740380858239,
      "se": 0.0237284098321483,
      "z": 39.8990234725107,
      "pvalue": 0,
      "ci.lower": 0.900233552176822,
      "ci.upper": 0.993247209539656
    },
    {
      "lhs": "neuroticism",
      "op": "=~",
      "rhs": "N3",
      "est": 0.883850490051044,
      "se": 0.0246066548314316,
      "z": 35.9191647993553,
      "pvalue": 0,
      "ci.lower": 0.835622332801429,
      "ci.upper": 0.932078647300658
    },
    {
      "lhs": "neuroticism",
      "op": "=~",
      "rhs": "N4",
      "est": 0.691774735693794,
      "se": 0.0249259742744074,
      "z": 27.7531673618098,
      "pvalue": 0,
      "ci.lower": 0.642920723836384,
      "ci.upper": 0.740628747551205
    },
    {
      "lhs": "neuroticism",
      "op": "=~",
      "rhs": "N5",
      "est": 0.627829588650394,
      "se": 0.0261300832844897,
      "z": 24.0270795088916,
      "pvalue": 0,
      "ci.lower": 0.576615566499762,
      "ci.upper": 0.679043610801025
    },
    {
      "lhs": "openness",
      "op": "=~",
      "rhs": "O1",
      "est": 1,
      "se": 0,
      "z": null,
      "pvalue": null,
      "ci.lower": 1,
      "ci.upper": 1
    },
    {
      "lhs": "openness",
      "op": "=~",
      "rhs": "O2",
      "est": -1.0201511029222,
      "se": 0.068182337004593,
      "z": -14.9621023235604,
      "pvalue": 0,
      "ci.lower": -1.15378602783297,
      "ci.upper": -0.886516178011424
    },
    {
      "lhs": "openness",
      "op": "=~",
      "rhs": "O3",
      "est": 1.37278465948689,
      "se": 0.0724733517044753,
      "z": 18.9419231648717,
      "pvalue": 0,
      "ci.lower": 1.23073950030722,
      "ci.upper": 1.51482981866657
    },
    {
      "lhs": "openness",
      "op": "=~",
      "rhs": "O4",
      "est": 0.436585654283832,
      "se": 0.047662711634456,
      "z": 9.15989962199755,
      "pvalue": 0,
      "ci.lower": 0.34316845607478,
      "ci.upper": 0.530002852492884
    },
    {
      "lhs": "openness",
      "op": "=~",
      "rhs": "O5",
      "est": -0.959632571644431,
      "se": 0.0597685006607598,
      "z": -16.055824741049,
      "pvalue": 0,
      "ci.lower": -1.07677668034948,
      "ci.upper": -0.842488462939383
    },
    {
      "lhs": "A1",
      "op": "~~",
      "rhs": "A1",
      "est": 1.7449774184788,
      "se": 0.0517411064397221,
      "z": 33.7251662855659,
      "pvalue": 0,
      "ci.lower": 1.64356671333669,
      "ci.upper": 1.8463881236209
    },
    {
      "lhs": "A2",
      "op": "~~",
      "rhs": "A2",
      "est": 0.806646602508279,
      "se": 0.0284071069243625,
      "z": 28.3959434748522,
      "pvalue": 0,
      "ci.lower": 0.75096969603155,
      "ci.upper": 0.862323508985008
    },
    {
      "lhs": "A3",
      "op": "~~",
      "rhs": "A3",
      "est": 0.753503822285702,
      "se": 0.0322849306161832,
      "z": 23.339180475364,
      "pvalue": 0,
      "ci.lower": 0.690226521034609,
      "ci.upper": 0.816781123536796
    },
    {
      "lhs": "A4",
      "op": "~~",
      "rhs": "A4",
      "est": 1.63155061489597,
      "se": 0.0513123562804022,
      "z": 31.7964469606536,
      "pvalue": 0,
      "ci.lower": 1.53098024462449,
      "ci.upper": 1.73212098516744
    },
    {
      "lhs": "A5",
      "op": "~~",
      "rhs": "A5",
      "est": 0.851587463765797,
      "se": 0.0317760254763572,
      "z": 26.7996846993787,
      "pvalue": 0,
      "ci.lower": 0.78930759826031,
      "ci.upper": 0.913867329271284
    },
    {
      "lhs": "C1",
      "op": "~~",
      "rhs": "C1",
      "est": 1.06259089369578,
      "se": 0.0353341246274406,
      "z": 30.0726536994939,
      "pvalue": 0,
      "ci.lower": 0.993337282000745,
      "ci.upper": 1.13184450539081
    },
    {
      "lhs": "C2",
      "op": "~~",
      "rhs": "C2",
      "est": 1.12994884583572,
      "se": 0.0391126015495845,
      "z": 28.8896366150241,
      "pvalue": 0,
      "ci.lower": 1.05328955545687,
      "ci.upper": 1.20660813621458
    },
    {
      "lhs": "C3",
      "op": "~~",
      "rhs": "C3",
      "est": 1.1697617042289,
      "se": 0.0387413864850553,
      "z": 30.1941104942163,
      "pvalue": 0,
      "ci.lower": 1.09382998200704,
      "ci.upper": 1.24569342645075
    },
    {
      "lhs": "C4",
      "op": "~~",
      "rhs": "C4",
      "est": 0.960113837210126,
      "se": 0.0399776233797511,
      "z": 24.0162810102521,
      "pvalue": 0,
      "ci.lower": 0.881759135198307,
      "ci.upper": 1.03846853922194
    },
    {
      "lhs": "C5",
      "op": "~~",
      "rhs": "C5",
      "est": 1.63952977150906,
      "se": 0.0587507379773933,
      "z": 27.9065391849194,
      "pvalue": 0,
      "ci.lower": 1.52438044100822,
      "ci.upper": 1.7546791020099
    },
    {
      "lhs": "E1",
      "op": "~~",
      "rhs": "E1",
      "est": 1.81397810153339,
      "se": 0.0584267151016216,
      "z": 31.0470663698676,
      "pvalue": 0,
      "ci.lower": 1.69946384419923,
      "ci.upper": 1.92849235886755
    },
    {
      "lhs": "E2",
      "op": "~~",
      "rhs": "E2",
      "est": 1.33193702507719,
      "se": 0.0494622984029362,
      "z": 26.9283286075141,
      "pvalue": 0,
      "ci.lower": 1.23499270161486,
      "ci.upper": 1.42888134853952
    },
    {
      "lhs": "E3",
      "op": "~~",
      "rhs": "E3",
      "est": 1.10831954304603,
      "se": 0.0375424784605613,
      "z": 29.5217467917131,
      "pvalue": 0,
      "ci.lower": 1.03473763737296,
      "ci.upper": 1.1819014487191
    },
    {
      "lhs": "E4",
      "op": "~~",
      "rhs": "E4",
      "est": 1.08764885748807,
      "se": 0.0406875730473063,
      "z": 26.731721162712,
      "pvalue": 0,
      "ci.lower": 1.00790267969701,
      "ci.upper": 1.16739503527913
    },
    {
      "lhs": "E5",
      "op": "~~",
      "rhs": "E5",
      "est": 1.25137535668903,
      "se": 0.040033663374763,
      "z": 31.2580776077038,
      "pvalue": 0,
      "ci.lower": 1.1729108183053,
      "ci.upper": 1.32983989507277
    },
    {
      "lhs": "N1",
      "op": "~~",
      "rhs": "N1",
      "est": 0.79321671831583,
      "se": 0.0367648587809291,
      "z": 21.5754050095057,
      "pvalue": 0,
      "ci.lower": 0.721158919208507,
      "ci.upper": 0.865274517423152
    },
    {
      "lhs": "N2",
      "op": "~~",
      "rhs": "N2",
      "est": 0.835744255076835,
      "se": 0.0356268944112385,
      "z": 23.4582404357198,
      "pvalue": 0,
      "ci.lower": 0.765916825149796,
      "ci.upper": 0.905571685003874
    },
    {
      "lhs": "N3",
      "op": "~~",
      "rhs": "N3",
      "est": 1.22231420389902,
      "se": 0.043235789670772,
      "z": 28.2708888447877,
      "pvalue": 0,
      "ci.lower": 1.13757361330116,
      "ci.upper": 1.30705479449688
    },
    {
      "lhs": "N4",
      "op": "~~",
      "rhs": "N4",
      "est": 1.6543426536718,
      "se": 0.0517361780063162,
      "z": 31.9765146445459,
      "pvalue": 0,
      "ci.lower": 1.55294160808167,
      "ci.upper": 1.75574369926194
    },
    {
      "lhs": "N5",
      "op": "~~",
      "rhs": "N5",
      "est": 1.96878774088131,
      "se": 0.0598617882704327,
      "z": 32.8888895197564,
      "pvalue": 0,
      "ci.lower": 1.8514607918211,
      "ci.upper": 2.08611468994152
    },
    {
      "lhs": "O1",
      "op": "~~",
      "rhs": "O1",
      "est": 0.864980079854893,
      "se": 0.0317819469759328,
      "z": 27.2160821522328,
      "pvalue": 0,
      "ci.lower": 0.802688608423503,
      "ci.upper": 0.927271551286283
    },
    {
      "lhs": "O2",
      "op": "~~",
      "rhs": "O2",
      "est": 1.99026060760193,
      "se": 0.0629478429756901,
      "z": 31.6176140995101,
      "pvalue": 0,
      "ci.lower": 1.86688510246509,
      "ci.upper": 2.11363611273876
    },
    {
      "lhs": "O3",
      "op": "~~",
      "rhs": "O3",
      "est": 0.691031528762549,
      "se": 0.0390038603244152,
      "z": 17.7170034713201,
      "pvalue": 0,
      "ci.lower": 0.614585367268665,
      "ci.upper": 0.767477690256434
    },
    {
      "lhs": "O4",
      "op": "~~",
      "rhs": "O4",
      "est": 1.34603231187444,
      "se": 0.0395467333676556,
      "z": 34.0364980176928,
      "pvalue": 0,
      "ci.lower": 1.26852213876762,
      "ci.upper": 1.42354248498125
    },
    {
      "lhs": "O5",
      "op": "~~",
      "rhs": "O5",
      "est": 1.3804968653743,
      "se": 0.045022564198474,
      "z": 30.6623332089354,
      "pvalue": 0,
      "ci.lower": 1.29225426105365,
      "ci.upper": 1.46873946969495
    },
    {
      "lhs": "agreeableness",
      "op": "~~",
      "rhs": "agreeableness",
      "est": 0.234350153464175,
      "se": 0.0298958829219347,
      "z": 7.83887714827219,
      "pvalue": 4.44089209850063e-15,
      "ci.lower": 0.175755299651157,
      "ci.upper": 0.292945007277193
    },
    {
      "lhs": "conscientiousness",
      "op": "~~",
      "rhs": "conscientiousness",
      "est": 0.462650080919104,
      "se": 0.0361173359013047,
      "z": 12.8096402841936,
      "pvalue": 0,
      "ci.lower": 0.391861403335012,
      "ci.upper": 0.533438758503197
    },
    {
      "lhs": "extraversion",
      "op": "~~",
      "rhs": "extraversion",
      "est": 0.846483140442286,
      "se": 0.0618202570817413,
      "z": 13.6926499565188,
      "pvalue": 0,
      "ci.lower": 0.725317663047066,
      "ci.upper": 0.967648617837506
    },
    {
      "lhs": "neuroticism",
      "op": "~~",
      "rhs": "neuroticism",
      "est": 1.6892583499516,
      "se": 0.0733360157930267,
      "z": 23.0344985568773,
      "pvalue": 0,
      "ci.lower": 1.54552240022761,
      "ci.upper": 1.8329942996756
    },
    {
      "lhs": "openness",
      "op": "~~",
      "rhs": "openness",
      "est": 0.403755782434909,
      "se": 0.0332132713082244,
      "z": 12.1564593468674,
      "pvalue": 0,
      "ci.lower": 0.338658966862031,
      "ci.upper": 0.468852598007786
    },
    {
      "lhs": "agreeableness",
      "op": "~~",
      "rhs": "conscientiousness",
      "est": -0.109952363541093,
      "se": 0.0118812600851576,
      "z": -9.25426787672529,
      "pvalue": 0,
      "ci.lower": -0.133239205398955,
      "ci.upper": -0.0866655216832304
    },
    {
      "lhs": "agreeableness",
      "op": "~~",
      "rhs": "extraversion",
      "est": 0.30399628470241,
      "se": 0.0247287556683863,
      "z": 12.29323014789,
      "pvalue": 0,
      "ci.lower": 0.255528814209883,
      "ci.upper": 0.352463755194938
    },
    {
      "lhs": "agreeableness",
      "op": "~~",
      "rhs": "neuroticism",
      "est": 0.140534785768992,
      "se": 0.0182218483451483,
      "z": 7.71243306974455,
      "pvalue": 1.24344978758018e-14,
      "ci.lower": 0.10482061928075,
      "ci.upper": 0.176248952257233
    },
    {
      "lhs": "agreeableness",
      "op": "~~",
      "rhs": "openness",
      "est": -0.0933484501792035,
      "se": 0.0110529087791507,
      "z": -8.44560034325885,
      "pvalue": 0,
      "ci.lower": -0.115011753310745,
      "ci.upper": -0.0716851470476616
    },
    {
      "lhs": "conscientiousness",
      "op": "~~",
      "rhs": "extraversion",
      "est": -0.223715800737939,
      "se": 0.0201167566142013,
      "z": -11.1208682904683,
      "pvalue": 0,
      "ci.lower": -0.263143919187532,
      "ci.upper": -0.184287682288347
    },
    {
      "lhs": "conscientiousness",
      "op": "~~",
      "rhs": "neuroticism",
      "est": -0.250059645137776,
      "se": 0.0247158630442105,
      "z": -10.1173746063604,
      "pvalue": 0,
      "ci.lower": -0.298501846551253,
      "ci.upper": -0.201617443724299
    },
    {
      "lhs": "conscientiousness",
      "op": "~~",
      "rhs": "openness",
      "est": 0.13009391106999,
      "se": 0.014156612190079,
      "z": 9.18962173458141,
      "pvalue": 0,
      "ci.lower": 0.102347461034335,
      "ci.upper": 0.157840361105646
    },
    {
      "lhs": "extraversion",
      "op": "~~",
      "rhs": "neuroticism",
      "est": 0.291526464724504,
      "se": 0.0319278859511767,
      "z": 9.13077881731035,
      "pvalue": 0,
      "ci.lower": 0.228948958157696,
      "ci.upper": 0.354103971291313
    },
    {
      "lhs": "extraversion",
      "op": "~~",
      "rhs": "openness",
      "est": -0.264723839453899,
      "se": 0.0214411737893292,
      "z": -12.3465180616952,
      "pvalue": 0,
      "ci.lower": -0.306747767867248,
      "ci.upper": -0.22269991104055
    },
    {
      "lhs": "neuroticism",
      "op": "~~",
      "rhs": "openness",
      "est": -0.0925507752548382,
      "se": 0.0223658522905298,
      "z": -4.13803927758327,
      "pvalue": 3.50286416050949e-05,
      "ci.lower": -0.136387040227819,
      "ci.upper": -0.0487145102818571
    }
  ],
  "sigma_hat": {
    "rows": ["A1", "A2", "A3", "A4", "A5", "C1", "C2", "C3", "C4", "C5", "E1", "E2", "E3", "E4", "E5", "N1", "N2", "N3", "N4", "N5", "O1", "O2", "O3", "O4", "O5"],
    "cols": ["A1", "A2", "A3", "A4", "A5", "C1", "C2", "C3", "C4", "C5", "E1", "E2", "E3", "E4", "E5", "N1", "N2", "N3", "N4", "N5", "O1", "O2", "O3", "O4", "O5"],
    "values": [
      [1.97932757194297, -0.369973561287771, -0.475660004217031, -0.366575031406237, -0.422772660727466, -0.109952363541093, -0.126201173848649, -0.113933518764848, 0.156257196698152, 0.163671098219232, 0.30399628470241, 0.372577148298707, -0.280015199713626, -0.340781120689563, -0.245571515141919, 0.140534785768992, 0.133049956602766, 0.124211739271142, 0.0972184142811282, 0.0882318967404172, -0.0933484501792035, 0.0952295244063923, -0.128147320392887, -0.0407545941978692, 0.089580213304491],
      [-0.369973561287771, 1.39073171629457, 0.750934544402736, 0.5787197825295, 0.667440172717269, 0.173584130029275, 0.199236471738089, 0.179869264279879, -0.246686552940946, -0.258391036630181, -0.479925386892463, -0.588195451860828, 0.442065939029112, 0.537998388212831, 0.387688963138566, -0.22186524910348, -0.210048790435437, -0.196095709145408, -0.153480774058198, -0.139293568080455, 0.147371179591626, -0.150340871399343, 0.202308894593872, 0.0643401428645901, -0.141422184057785],
      [-0.475660004217031, 0.750934544402736, 1.71894991339028, 0.74403655558606, 0.85810076337421, 0.223170076624779, 0.256150252080885, 0.231250618849854, -0.317154897241176, -0.332202877268725, -0.617020607522731, -0.756219039378713, 0.568346250718275, 0.691682710287032, 0.49843597796425, -0.285243153475199, -0.270051211758315, -0.25211230098276, -0.19732400710377, -0.179084091711675, 0.189469149260365, -0.193287161587692, 0.260100341550662, 0.0827195124964375, -0.181820766952007],
      [-0.366575031406237, 0.5787197825295, 0.74403655558606, 2.20495435141635, 0.661309152535122, 0.171989608380724, 0.197406310954879, 0.17821700819083, -0.244420521772058, -0.256017489569002, -0.475516853583802, -0.582792363563455, 0.438005177773173, 0.533056403731036, 0.384127701838215, -0.219827223261504, -0.208119309073606, -0.194294399006241, -0.152070919270028, -0.138014035154428, 0.146017446757918, -0.148959859355974, 0.200450510926714, 0.0637491225296603, -0.140123097937255],
      [-0.422772660727466, 0.667440172717269, 0.85810076337421, 0.661309152535122, 1.61427833474022, 0.198356402163174, 0.227669601518221, 0.205538490853264, -0.281891305934183, -0.295266141948182, -0.548415762631661, -0.672137099054963, 0.50515337531093, 0.614776389048274, 0.443016235836583, -0.253527742252593, -0.24002495125835, -0.224080619231489, -0.175384086887832, -0.159172218129909, 0.168402589346203, -0.171796087256483, 0.231180491272339, 0.0735221546528036, -0.161604609885878],
      [-0.109952363541093, 0.173584130029275, 0.223170076624779, 0.171989608380724, 0.198356402163174, 1.52524097461488, 0.531020720362617, 0.479401715236937, -0.657488410147494, -0.688684120982508, -0.223715800737939, -0.274185571543738, 0.206067731005501, 0.250786358675631, 0.18072006439876, -0.250059645137776, -0.236741563675014, -0.221015339897013, -0.172984944922869, -0.156994844144913, 0.13009391106999, -0.132715446861513, 0.178590925409535, 0.0567971352828344, -0.124842354435377],
      [-0.126201173848649, 0.199236471738089, 0.256150252080885, 0.197406310954879, 0.227669601518221, 0.531020720362617, 1.73944404984443, 0.55024791882119, -0.754652346527184, -0.790458173702063, -0.256776623551769, -0.314704840048757, 0.23652051404518, 0.287847680857397, 0.207426957735231, -0.287013573262295, -0.271727339661829, -0.253677087379181, -0.198548738784056, -0.180195613638346, 0.149319248434879, -0.152328195978355, 0.204983173617514, 0.0651906417751116, -0.143291614371576],
      [-0.113933518764848, 0.179869264279879, 0.231250618849854, 0.17821700819083, 0.205538490853264, 0.479401715236937, 0.55024791882119, 1.66652159696585, -0.681294750769164, -0.713619995914763, -0.231816102541925, -0.284113282829558, 0.213529031493446, 0.25986683125242, 0.187263576563913, -0.259113804870491, -0.245313502308716, -0.229017863413774, -0.179248383878897, -0.162679313525478, 0.134804351454853, -0.13752080781538, 0.185057345709301, 0.0588536459802244, -0.12936264645548],
      [0.156257196698152, -0.246686552940946, -0.317154897241176, -0.244420521772058, -0.281891305934183, -0.657488410147494, -0.754652346527184, -0.681294750769164, 1.8944938952866, 0.978713387230093, 0.317930445099783, 0.389654823277109, -0.292850148372066, -0.356401373419734, -0.256827681921599, 0.355368615081752, 0.336441817987563, 0.314092724588767, 0.245835029772049, 0.223110931426037, -0.184881063004144, 0.188606620333106, -0.253801887121719, -0.0807164198563547, 0.177417889939023],
      [0.163671098219232, -0.258391036630181, -0.332202877268725, -0.256017489569002, -0.295266141948182, -0.688684120982508, -0.790458173702063, -0.713619995914763, 0.978713387230093, 2.6646799618024, 0.333015222379363, 0.408142691663556, -0.306744946220376, -0.373311472540584, -0.269013329571047, 0.372229713140413, 0.352404900385308, 0.328995414370713, 0.257499111425086, 0.233696827684399, -0.193653074938246, 0.197555397982527, -0.26584397053769, -0.0845461544259901, 0.185835798309841],
      [0.30399628470241, -0.479925386892463, -0.617020607522731, -0.475516853583802, -0.548415762631661, -0.223715800737939, -0.256776623551769, -0.231816102541925, 0.317930445099783, 0.333015222379363, 2.66046124197568, 1.03744779268488, -0.779707376546384, -0.94891118004001, -0.683798315311628, 0.291526464724504, 0.275999876243533, 0.257665808709602, 0.20167064308254, 0.183028940428689, -0.264723839453899, 0.270058316788694, -0.363408825802784, -0.115574630652509, 0.254037618830733],
      [0.372577148298707, -0.588195451860828, -0.756219039378713, -0.582792363563455, -0.672137099054963, -0.274185571543738, -0.314704840048757, -0.284113282829558, 0.389654823277109, 0.408142691663556, 1.03744779268488, 2.60343065693425, -0.955607569827692, -1.16298336275445, -0.838061644666693, 0.357294165575038, 0.338264814394938, 0.315794623335876, 0.247167076955607, 0.224319849000162, -0.324444929604879, 0.330982852773933, -0.445393022209883, -0.141648001870618, 0.311347922153726],
      [-0.280015199713626, 0.442065939029112, 0.568346250718275, 0.438005177773173, 0.50515337531093, 0.206067731005501, 0.23652051404518, 0.213529031493446, -0.292850148372066, -0.306744946220376, -0.779707376546384, -0.955607569827692, 1.82651883609184, 0.874055266331645, 0.629856124765687, -0.26852907535219, -0.254227319070443, -0.237339554842987, -0.185761630127861, -0.168590498919036, 0.243840804982883, -0.248754466140725, 0.334740916437437, 0.106457397384548, -0.233997578757572],
      [-0.340781120689563, 0.537998388212831, 0.691682710287031, 0.533056403731036, 0.614776389048274, 0.250786358675631, 0.287847680857397, 0.25986683125242, -0.356401373419734, -0.373311472540584, -0.94891118004001, -1.16298336275445, 0.874055266331645, 2.15138230306437, 0.766540803107664, -0.32680239976201, -0.309397028416072, -0.28884446117951, -0.226073643719462, -0.205176216212544, 0.296756543490837, -0.302736515141557, 0.407382830506576, 0.129559649702955, -0.284777244982424],
      [-0.245571515141919, 0.387688963138566, 0.49843597796425, 0.384127701838215, 0.443016235836583, 0.18072006439876, 0.207426957735231, 0.187263576563913, -0.256827681921599, -0.269013329571047, -0.683798315311628, -0.838061644666693, 0.629856124765687, 0.766540803107664, 1.80375509549719, -0.235498258527882, -0.222955710970139, -0.208145251206036, -0.162911745549474, -0.147852774779444, 0.213846805438819, -0.2181560544248, 0.293565613986689, 0.0933624474690141, -0.2052143598412],
      [0.140534785768992, -0.22186524910348, -0.285243153475199, -0.219827223261504, -0.253527742252593, -0.250059645137776, -0.287013573262295, -0.259113804870491, 0.355368615081752, 0.372229713140413, 0.291526464724504, 0.357294165575038, -0.26852907535219, -0.32680239976201, -0.235498258527882, 2.48247506826743, 1.59928909360114, 1.49305182042754, 1.16858624855631, 1.06056637497436, -0.0925507752548382, 0.0944157754525277, -0.127052284493461, -0.0404063407691094, 0.0888147384654861],
      [0.133049956602766, -0.210048790435437, -0.270051211758315, -0.208119309073606, -0.24002495125835, -0.236741563675014, -0.271727339661829, -0.245313502308716, 0.336441817987563, 0.352404900385308, 0.275999876243533, 0.338264814394938, -0.254227319070443, -0.309397028416072, -0.222955710970139, 1.59928909360114, 2.34985582065521, 1.41353244911266, 1.1063477900239, 1.00408101376867, -0.0876215562134908, 0.0893872272109521, -0.120285528210249, -0.0382543144488344, 0.0840844993206392],
      [0.124211739271142, -0.196095709145408, -0.25211230098276, -0.194294399006241, -0.224080619231489, -0.221015339897013, -0.253677087379181, -0.229017863413774, 0.314092724588767, 0.328995414370713, 0.257665808709602, 0.315794623335876, -0.237339554842987, -0.28884446117951, -0.208145251206036, 1.49305182042754, 1.41353244911266, 2.5419487870555, 1.0328555284534, 0.937382110252745, -0.0818010480635927, 0.0834494294022659, -0.11229522391165, -0.0357131640899468, 0.0784989501164752],
      [0.0972184142811282, -0.153480774058198, -0.19732400710377, -0.152070919270028, -0.175384086887832, -0.172984944922869, -0.198548738784056, -0.179248383878897, 0.245835029772049, 0.257499111425086, 0.20167064308254, 0.247167076955607, -0.185761630127861, -0.226073643719462, -0.162911745549474, 1.16858624855631, 1.1063477900239, 1.0328555284534, 2.46274109690225, 0.733673023733612, -0.0640242880901715, 0.065314448108997, -0.0878915605247568, -0.027952085705904, 0.0614397922276751],
      [0.0882318967404172, -0.139293568080455, -0.179084091711675, -0.138014035154428, -0.159172218129909, -0.156994844144913, -0.180195613638346, -0.162679313525478, 0.223110931426037, 0.233696827684399, 0.183028940428689, 0.224319849000162, -0.168590498919036, -0.205176216212544, -0.147852774779444, 1.06056637497436, 1.00408101376867, 0.937382110252745, 0.733673023733612, 2.6346426918179, -0.0581061151575201, 0.0592770174644684, -0.0797671835106225, -0.0253682963039376, 0.0557605207168784],
      [-0.0933484501792035, 0.147371179591626, 0.189469149260365, 0.146017446757918, 0.168402589346203, 0.13009391106999, 0.149319248434879, 0.134804351454853, -0.184881063004144, -0.193653074938246, -0.264723839453899, -0.324444929604879, 0.243840804982883, 0.296756543490837, 0.213846805438819, -0.0925507752548382, -0.0876215562134908, -0.0818010480635927, -0.0640242880901715, -0.0581061151575201, 1.2687358622898, -0.411891906762188, 0.554269744305771, 0.176273982445225, -0.387457199814321],
      [0.0952295244063923, -0.150340871399343, -0.193287161587692, -0.148959859355974, -0.171796087256483, -0.132715446861513, -0.152328195978355, -0.13752080781538, 0.188606620333106, 0.197555397982527, 0.270058316788694, 0.330982852773933, -0.248754466140725, -0.302736515141557, -0.2181560544248, 0.0944157754525277, 0.0893872272109521, 0.0834494294022659, 0.065314448108997, 0.0592770174644684, -0.411891906762188, 2.4104525905701, -0.565438890969937, -0.179826097607985, 0.395264889725726],
      [-0.128147320392887, 0.202308894593872, 0.260100341550662, 0.200450510926714, 0.231180491272339, 0.178590925409535, 0.204983173617514, 0.185057345709301, -0.253801887121719, -0.26584397053769, -0.363408825802784, -0.445393022209883, 0.334740916437437, 0.407382830506576, 0.293565613986689, -0.127052284493461, -0.120285528210249, -0.11229522391165, -0.0878915605247568, -0.0797671835106225, 0.554269744305771, -0.565438890969937, 1.45192453096323, 0.241986218967467, -0.531895300112848],
      [-0.0407545941978692, 0.0643401428645901, 0.0827195124964375, 0.0637491225296603, 0.0735221546528036, 0.0567971352828344, 0.0651906417751116, 0.0588536459802244, -0.0807164198563547, -0.0845461544259901, -0.115574630652509, -0.141648001870618, 0.106457397384548, 0.129559649702955, 0.0933624474690141, -0.0404063407691094, -0.0382543144488344, -0.0357131640899468, -0.027952085705904, -0.0253682963039376, 0.176273982445225, -0.179826097607985, 0.241986218967467, 1.4229910038335, -0.169158255087917],
      [0.089580213304491, -0.141422184057785, -0.181820766952007, -0.140123097937255, -0.161604609885878, -0.124842354435377, -0.143291614371576, -0.12936264645548, 0.177417889939023, 0.185835798309841, 0.254037618830733, 0.311347922153726, -0.233997578757572, -0.284777244982424, -0.2052143598412, 0.0888147384654861, 0.0840844993206392, 0.0784989501164752, 0.0614397922276751, 0.0557605207168784, -0.387457199814321, 0.395264889725726, -0.531895300112848, -0.169158255087917, 1.75231341443427]
    ]
  },
  "mu_hat": null
}
