{
  "case_id": "hs_3factor_cfa",
  "estimator": "ML",
  "reference_engine": "lavaan",
  "reference_version": "0.6.22.2560",
  "generated_at": "2026-05-15T15:36:42Z",
  "model": "visual  =~ x1 + x2 + x3\ntextual =~ x4 + x5 + x6\nspeed   =~ x7 + x8 + x9\n",
  "n_obs": 301,
  "variables": ["x1", "x2", "x3", "x4", "x5", "x6", "x7", "x8", "x9"],
  "converged": true,
  "iterations": 35,
  "objective": 0.141703524534839,
  "chisq": 85.3055217699732,
  "df": 24,
  "pvalue": 8.50255321704907e-09,
  "theta_names": ["visual=~x2[1]", "visual=~x3[2]", "textual=~x5[3]", "textual=~x6[4]", "speed=~x8[5]", "speed=~x9[6]", "x1~~x1[7]", "x2~~x2[8]", "x3~~x3[9]", "x4~~x4[10]", "x5~~x5[11]", "x6~~x6[12]", "x7~~x7[13]", "x8~~x8[14]", "x9~~x9[15]", "visual~~visual[16]", "textual~~textual[17]", "speed~~speed[18]", "visual~~textual[19]", "visual~~speed[20]", "textual~~speed[21]"],
  "theta_hat": [0.553500293763662, 0.729370209767044, 1.11307657811851, 0.926146236632328, 1.17995083947085, 1.08153015685908, 0.549053973199018, 1.13383901648387, 0.844324045708499, 0.371172992836844, 0.446255070260067, 0.356202664278948, 0.799391638325101, 0.487697083769164, 0.566131293573694, 0.809315981090822, 0.97949137285969, 0.383747649264106, 0.408232442095546, 0.26222460204864, 0.173494684580679],
  "parameter_table": [
    {
      "lhs": "visual",
      "op": "=~",
      "rhs": "x1",
      "est": 1,
      "se": 0,
      "z": null,
      "pvalue": null,
      "ci.lower": 1,
      "ci.upper": 1
    },
    {
      "lhs": "visual",
      "op": "=~",
      "rhs": "x2",
      "est": 0.553500293763662,
      "se": 0.0996651187683111,
      "z": 5.55360090474953,
      "pvalue": 2.79844001305207e-08,
      "ci.lower": 0.358160250462865,
      "ci.upper": 0.748840337064459
    },
    {
      "lhs": "visual",
      "op": "=~",
      "rhs": "x3",
      "est": 0.729370209767044,
      "se": 0.109109703120018,
      "z": 6.68474195154535,
      "pvalue": 2.31332730749045e-11,
      "ci.lower": 0.515519121287951,
      "ci.upper": 0.943221298246138
    },
    {
      "lhs": "textual",
      "op": "=~",
      "rhs": "x4",
      "est": 1,
      "se": 0,
      "z": null,
      "pvalue": null,
      "ci.lower": 1,
      "ci.upper": 1
    },
    {
      "lhs": "textual",
      "op": "=~",
      "rhs": "x5",
      "est": 1.11307657811851,
      "se": 0.065420108609566,
      "z": 17.0142881413032,
      "pvalue": 0,
      "ci.lower": 0.984855521379059,
      "ci.upper": 1.24129763485795
    },
    {
      "lhs": "textual",
      "op": "=~",
      "rhs": "x6",
      "est": 0.926146236632328,
      "se": 0.0554488562419873,
      "z": 16.702711280292,
      "pvalue": 0,
      "ci.lower": 0.817468475414094,
      "ci.upper": 1.03482399785056
    },
    {
      "lhs": "speed",
      "op": "=~",
      "rhs": "x7",
      "est": 1,
      "se": 0,
      "z": null,
      "pvalue": null,
      "ci.lower": 1,
      "ci.upper": 1
    },
    {
      "lhs": "speed",
      "op": "=~",
      "rhs": "x8",
      "est": 1.17995083947085,
      "se": 0.164986572020982,
      "z": 7.15179923442976,
      "pvalue": 8.56426041195846e-13,
      "ci.lower": 0.856583100377002,
      "ci.upper": 1.5033185785647
    },
    {
      "lhs": "speed",
      "op": "=~",
      "rhs": "x9",
      "est": 1.08153015685908,
      "se": 0.151167438085725,
      "z": 7.15451800040271,
      "pvalue": 8.39772695826468e-13,
      "ci.lower": 0.785247422575874,
      "ci.upper": 1.37781289114229
    },
    {
      "lhs": "x1",
      "op": "~~",
      "rhs": "x1",
      "est": 0.549053973199018,
      "se": 0.113600923264149,
      "z": 4.83318231421708,
      "pvalue": 1.34367627646625e-06,
      "ci.lower": 0.326400254990788,
      "ci.upper": 0.771707691407249
    },
    {
      "lhs": "x2",
      "op": "~~",
      "rhs": "x2",
      "est": 1.13383901648387,
      "se": 0.101723370956,
      "z": 11.146298100702,
      "pvalue": 0,
      "ci.lower": 0.934464873024101,
      "ci.upper": 1.33321315994364
    },
    {
      "lhs": "x3",
      "op": "~~",
      "rhs": "x3",
      "est": 0.844324045708499,
      "se": 0.0906231835368076,
      "z": 9.3168658698198,
      "pvalue": 0,
      "ci.lower": 0.666705869811993,
      "ci.upper": 1.021942221605
    },
    {
      "lhs": "x4",
      "op": "~~",
      "rhs": "x4",
      "est": 0.371172992836844,
      "se": 0.0477177909891553,
      "z": 7.77850326141877,
      "pvalue": 7.32747196252603e-15,
      "ci.lower": 0.277647841076289,
      "ci.upper": 0.464698144597398
    },
    {
      "lhs": "x5",
      "op": "~~",
      "rhs": "x5",
      "est": 0.446255070260067,
      "se": 0.0583927754760263,
      "z": 7.64229935333834,
      "pvalue": 2.1316282072803e-14,
      "ci.lower": 0.331807333369722,
      "ci.upper": 0.560702807150412
    },
    {
      "lhs": "x6",
      "op": "~~",
      "rhs": "x6",
      "est": 0.356202664278948,
      "se": 0.0430349678663535,
      "z": 8.27705194029997,
      "pvalue": 2.22044604925031e-16,
      "ci.lower": 0.271855677185057,
      "ci.upper": 0.44054965137284
    },
    {
      "lhs": "x7",
      "op": "~~",
      "rhs": "x7",
      "est": 0.799391638325101,
      "se": 0.0813815590555716,
      "z": 9.82276141673858,
      "pvalue": 0,
      "ci.lower": 0.639886713570461,
      "ci.upper": 0.958896563079741
    },
    {
      "lhs": "x8",
      "op": "~~",
      "rhs": "x8",
      "est": 0.487697083769164,
      "se": 0.0741940912520305,
      "z": 6.57326042464085,
      "pvalue": 4.92252905104351e-11,
      "ci.lower": 0.342279337049506,
      "ci.upper": 0.633114830488822
    },
    {
      "lhs": "x9",
      "op": "~~",
      "rhs": "x9",
      "est": 0.566131293573694,
      "se": 0.0707369371033876,
      "z": 8.00333343167303,
      "pvalue": 1.11022302462516e-15,
      "ci.lower": 0.42748944447438,
      "ci.upper": 0.704773142673009
    },
    {
      "lhs": "visual",
      "op": "~~",
      "rhs": "visual",
      "est": 0.809315981090822,
      "se": 0.145462407414288,
      "z": 5.56374664407848,
      "pvalue": 2.64043220621346e-08,
      "ci.lower": 0.524214901454326,
      "ci.upper": 1.09441706072732
    },
    {
      "lhs": "textual",
      "op": "~~",
      "rhs": "textual",
      "est": 0.97949137285969,
      "se": 0.112105849301359,
      "z": 8.73720130540783,
      "pvalue": 0,
      "ci.lower": 0.759767945772751,
      "ci.upper": 1.19921479994663
    },
    {
      "lhs": "speed",
      "op": "~~",
      "rhs": "speed",
      "est": 0.383747649264106,
      "se": 0.0862091944288758,
      "z": 4.45135407895158,
      "pvalue": 8.53305080417144e-06,
      "ci.lower": 0.214780733047299,
      "ci.upper": 0.552714565480914
    },
    {
      "lhs": "visual",
      "op": "~~",
      "rhs": "textual",
      "est": 0.408232442095546,
      "se": 0.0735238821959154,
      "z": 5.5523787632398,
      "pvalue": 2.81808156810115e-08,
      "ci.lower": 0.264128280987986,
      "ci.upper": 0.552336603203106
    },
    {
      "lhs": "visual",
      "op": "~~",
      "rhs": "speed",
      "est": 0.26222460204864,
      "se": 0.0562763994994703,
      "z": 4.65958384653069,
      "pvalue": 3.16849313275469e-06,
      "ci.lower": 0.15192488585009,
      "ci.upper": 0.372524318247189
    },
    {
      "lhs": "textual",
      "op": "~~",
      "rhs": "speed",
      "est": 0.173494684580679,
      "se": 0.0493146604470061,
      "z": 3.51811576938906,
      "pvalue": 0.000434622709184929,
      "ci.lower": 0.0768397261947256,
      "ci.upper": 0.270149642966633
    }
  ],
  "sigma_hat": {
    "rows": ["x1", "x2", "x3", "x4", "x5", "x6", "x7", "x8", "x9"],
    "cols": ["x1", "x2", "x3", "x4", "x5", "x6", "x7", "x8", "x9"],
    "values": [
      [1.35836995428984, 0.447956633281396, 0.590290966896035, 0.408232442095546, 0.454393969724672, 0.378082939918014, 0.26222460204864, 0.309412139317202, 0.283603814985976],
      [0.447956633281396, 1.3817831445985, 0.326726223582991, 0.225956776623742, 0.251507195727042, 0.20926901831165, 0.145141394265981, 0.171259710006114, 0.156974794907233],
      [0.590290966896035, 0.326726223582991, 1.27486469205705, 0.297752581924941, 0.331421425014964, 0.275762433197343, 0.191258813002296, 0.225675996958258, 0.206852174027056],
      [0.408232442095546, 0.225956776623742, 0.297752581924941, 1.35066436569653, 1.09024890559926, 0.907152248787834, 0.173494684580679, 0.204715198714703, 0.18763973342876],
      [0.454393969724672, 0.251507195727042, 0.331421425014964, 1.09024890559926, 1.65978559140194, 1.00972992091327, 0.193112869834812, 0.227863692874212, 0.208857392403953],
      [0.378082939918014, 0.20926901831165, 0.275762433197343, 0.907152248787834, 1.00972992091327, 1.19635830554635, 0.160681449200109, 0.189596210871062, 0.173781832957739],
      [0.26222460204864, 0.145141394265981, 0.191258813002296, 0.173494684580679, 0.193112869834812, 0.160681449200109, 1.18313928758921, 0.452803360894148, 0.415034655302914],
      [0.309412139317202, 0.171259710006114, 0.225675996958258, 0.204715198714703, 0.227863692874212, 0.189596210871062, 0.452803360894148, 1.02198278957144, 0.489720489934168],
      [0.283603814985976, 0.156974794907233, 0.206852174027055, 0.18763973342876, 0.208857392403953, 0.173781832957739, 0.415034655302914, 0.489720489934168, 1.01500378942541]
    ]
  },
  "mu_hat": null
}
