{
  "case_id": "hs_3factor_cfa_gls",
  "estimator": "GLS",
  "lavaan_estimator": "GLS",
  "lavaan_missing": "listwise",
  "reference_engine": "lavaan",
  "reference_version": "0.6.22.2560",
  "generated_at": "2026-05-19T05:30:04Z",
  "model": "visual  =~ x1 + x2 + x3\ntextual =~ x4 + x5 + x6\nspeed   =~ x7 + x8 + x9",
  "n_obs": 301,
  "variables": ["x1", "x2", "x3", "x4", "x5", "x6", "x7", "x8", "x9"],
  "converged": true,
  "iterations": 31,
  "objective": 0.12868890929138,
  "chisq": 77.4707233934109,
  "df": 24,
  "pvalue": 1.53076878506297e-07,
  "theta_names": ["visual=~x2[1]", "visual=~x3[2]", "textual=~x5[3]", "textual=~x6[4]", "speed=~x8[5]", "speed=~x9[6]", "x1~~x1[7]", "x2~~x2[8]", "x3~~x3[9]", "x4~~x4[10]", "x5~~x5[11]", "x6~~x6[12]", "x7~~x7[13]", "x8~~x8[14]", "x9~~x9[15]", "visual~~visual[16]", "textual~~textual[17]", "speed~~speed[18]", "visual~~textual[19]", "visual~~speed[20]", "textual~~speed[21]"],
  "theta_hat": [0.481126680996976, 0.702248582420194, 1.10987410941018, 0.93341966463468, 1.11175206900018, 1.11530065760014, 0.549478657809214, 1.04721890233486, 0.748828075539666, 0.334495267142476, 0.385531420883434, 0.355477473194355, 0.594258056188839, 0.481392281142583, 0.455063784334422, 0.612303471193072, 0.938466347040594, 0.410204909068233, 0.401758978811224, 0.301725094745384, 0.196895628546702],
  "parameter_table": [
    {
      "lhs": "visual",
      "op": "=~",
      "rhs": "x1",
      "est": 1,
      "se": 0,
      "z": null,
      "pvalue": null,
      "ci.lower": 1,
      "ci.upper": 1
    },
    {
      "lhs": "visual",
      "op": "=~",
      "rhs": "x2",
      "est": 0.481126680996976,
      "se": 0.110118433283378,
      "z": 4.36917477529713,
      "pvalue": 1.24716924723156e-05,
      "ci.lower": 0.265298517727578,
      "ci.upper": 0.696954844266374
    },
    {
      "lhs": "visual",
      "op": "=~",
      "rhs": "x3",
      "est": 0.702248582420194,
      "se": 0.115483881155328,
      "z": 6.08092294261963,
      "pvalue": 1.19492704619972e-09,
      "ci.lower": 0.475904334560847,
      "ci.upper": 0.928592830279541
    },
    {
      "lhs": "textual",
      "op": "=~",
      "rhs": "x4",
      "est": 1,
      "se": 0,
      "z": null,
      "pvalue": null,
      "ci.lower": 1,
      "ci.upper": 1
    },
    {
      "lhs": "textual",
      "op": "=~",
      "rhs": "x5",
      "est": 1.10987410941018,
      "se": 0.0663130893500912,
      "z": 16.736878349171,
      "pvalue": 0,
      "ci.lower": 0.979902842580418,
      "ci.upper": 1.23984537623995
    },
    {
      "lhs": "textual",
      "op": "=~",
      "rhs": "x6",
      "est": 0.93341966463468,
      "se": 0.0573574012798855,
      "z": 16.2737439947792,
      "pvalue": 0,
      "ci.lower": 0.821001223879292,
      "ci.upper": 1.04583810539007
    },
    {
      "lhs": "speed",
      "op": "=~",
      "rhs": "x7",
      "est": 1,
      "se": 0,
      "z": null,
      "pvalue": null,
      "ci.lower": 1,
      "ci.upper": 1
    },
    {
      "lhs": "speed",
      "op": "=~",
      "rhs": "x8",
      "est": 1.11175206900018,
      "se": 0.137778864933837,
      "z": 8.06910457227275,
      "pvalue": 6.66133814775094e-16,
      "ci.lower": 0.841710455899047,
      "ci.upper": 1.38179368210131
    },
    {
      "lhs": "speed",
      "op": "=~",
      "rhs": "x9",
      "est": 1.11530065760014,
      "se": 0.14901588150058,
      "z": 7.48444156669168,
      "pvalue": 7.19424519957101e-14,
      "ci.lower": 0.823234896734515,
      "ci.upper": 1.40736641846576
    },
    {
      "lhs": "x1",
      "op": "~~",
      "rhs": "x1",
      "est": 0.549478657809214,
      "se": 0.101424676407512,
      "z": 5.4176032625579,
      "pvalue": 6.04032643902741e-08,
      "ci.lower": 0.350689944906862,
      "ci.upper": 0.748267370711565
    },
    {
      "lhs": "x2",
      "op": "~~",
      "rhs": "x2",
      "est": 1.04721890233486,
      "se": 0.0949579317157113,
      "z": 11.0282404367238,
      "pvalue": 0,
      "ci.lower": 0.861104776125656,
      "ci.upper": 1.23333302854407
    },
    {
      "lhs": "x3",
      "op": "~~",
      "rhs": "x3",
      "est": 0.748828075539666,
      "se": 0.0805875584084943,
      "z": 9.29210526200452,
      "pvalue": 0,
      "ci.lower": 0.590879363456999,
      "ci.upper": 0.906776787622333
    },
    {
      "lhs": "x4",
      "op": "~~",
      "rhs": "x4",
      "est": 0.334495267142476,
      "se": 0.0456003110177186,
      "z": 7.33537249367671,
      "pvalue": 2.21156426505331e-13,
      "ci.lower": 0.245120299863922,
      "ci.upper": 0.423870234421029
    },
    {
      "lhs": "x5",
      "op": "~~",
      "rhs": "x5",
      "est": 0.385531420883434,
      "se": 0.0562818523900972,
      "z": 6.85001300616872,
      "pvalue": 7.38431538138684e-12,
      "ci.lower": 0.275221017215644,
      "ci.upper": 0.495841824551224
    },
    {
      "lhs": "x6",
      "op": "~~",
      "rhs": "x6",
      "est": 0.355477473194355,
      "se": 0.0423514601769646,
      "z": 8.39351162177173,
      "pvalue": 0,
      "ci.lower": 0.272470136554822,
      "ci.upper": 0.438484809833888
    },
    {
      "lhs": "x7",
      "op": "~~",
      "rhs": "x7",
      "est": 0.594258056188839,
      "se": 0.0755812813227374,
      "z": 7.86250306674896,
      "pvalue": 3.77475828372553e-15,
      "ci.lower": 0.446121466890884,
      "ci.upper": 0.742394645486794
    },
    {
      "lhs": "x8",
      "op": "~~",
      "rhs": "x8",
      "est": 0.481392281142583,
      "se": 0.0656025551953344,
      "z": 7.33801114467595,
      "pvalue": 2.16715534406831e-13,
      "ci.lower": 0.352813635665927,
      "ci.upper": 0.609970926619239
    },
    {
      "lhs": "x9",
      "op": "~~",
      "rhs": "x9",
      "est": 0.455063784334422,
      "se": 0.0650867420669455,
      "z": 6.99165098579312,
      "pvalue": 2.71671574125776e-12,
      "ci.lower": 0.327496114012161,
      "ci.upper": 0.582631454656683
    },
    {
      "lhs": "visual",
      "op": "~~",
      "rhs": "visual",
      "est": 0.612303471193072,
      "se": 0.128848198367211,
      "z": 4.7521306386298,
      "pvalue": 2.01284246359457e-06,
      "ci.lower": 0.359765642920466,
      "ci.upper": 0.864841299465678
    },
    {
      "lhs": "textual",
      "op": "~~",
      "rhs": "textual",
      "est": 0.938466347040594,
      "se": 0.11018366154047,
      "z": 8.51729134719218,
      "pvalue": 0,
      "ci.lower": 0.722510338736522,
      "ci.upper": 1.15442235534467
    },
    {
      "lhs": "speed",
      "op": "~~",
      "rhs": "speed",
      "est": 0.410204909068233,
      "se": 0.0865223625727414,
      "z": 4.74102760108248,
      "pvalue": 2.12636959417978e-06,
      "ci.lower": 0.240624194568343,
      "ci.upper": 0.579785623568122
    },
    {
      "lhs": "visual",
      "op": "~~",
      "rhs": "textual",
      "est": 0.401758978811224,
      "se": 0.0743149064223897,
      "z": 5.4061694773282,
      "pvalue": 6.43868760530353e-08,
      "ci.lower": 0.256104438708876,
      "ci.upper": 0.547413518913572
    },
    {
      "lhs": "visual",
      "op": "~~",
      "rhs": "speed",
      "est": 0.301725094745384,
      "se": 0.053534717055552,
      "z": 5.63606405974443,
      "pvalue": 1.7398068319352e-08,
      "ci.lower": 0.19679897739396,
      "ci.upper": 0.406651212096808
    },
    {
      "lhs": "textual",
      "op": "~~",
      "rhs": "speed",
      "est": 0.196895628546702,
      "se": 0.0501219016347974,
      "z": 3.92833516136998,
      "pvalue": 8.55359486662266e-05,
      "ci.lower": 0.0986585065058402,
      "ci.upper": 0.295132750587564
    }
  ],
  "sigma_hat": {
    "rows": ["x1", "x2", "x3", "x4", "x5", "x6", "x7", "x8", "x9"],
    "cols": ["x1", "x2", "x3", "x4", "x5", "x6", "x7", "x8", "x9"],
    "values": [
      [1.16178212900229, 0.29459553685805, 0.429989244656299, 0.401758978811224, 0.445901888805653, 0.375009731265944, 0.301725094745384, 0.335443498352455, 0.336514196583991],
      [0.29459553685805, 1.1889566752199, 0.206879298145882, 0.193296964036179, 0.214535295811346, 0.180427187345552, 0.145167993408345, 0.161390817024331, 0.16190595851082],
      [0.429989244656299, 0.206879298145882, 1.05078741305548, 0.282134673344767, 0.313133969312256, 0.263350052175287, 0.211886020065545, 0.235564721200082, 0.236316617515378],
      [0.401758978811224, 0.193296964036179, 0.282134673344767, 1.27296161418307, 1.04157950113311, 0.875982942925564, 0.196895628546702, 0.218899122413887, 0.21959782399673],
      [0.445901888805653, 0.214535295811346, 0.313133969312256, 1.04157950113311, 1.54155354208345, 0.972230788638022, 0.21852936038003, 0.242950468539783, 0.243725939336785],
      [0.375009731265944, 0.180427187345552, 0.263350052175287, 0.875982942925564, 0.972230788638022, 1.17313717800563, 0.183786251566097, 0.204324745432396, 0.204976927229533],
      [0.301725094745384, 0.145167993408345, 0.211886020065545, 0.196895628546702, 0.21852936038003, 0.183786251566097, 1.00446296525707, 0.456046156370637, 0.457501804834606],
      [0.335443498352455, 0.161390817024331, 0.235564721200082, 0.218899122413887, 0.242950468539783, 0.204324745432396, 0.456046156370637, 0.988402539047217, 0.508628578096188],
      [0.336514196583991, 0.16190595851082, 0.236316617515378, 0.21959782399673, 0.243725939336785, 0.204976927229533, 0.457501804834606, 0.508628578096188, 0.965315848119708]
    ]
  },
  "mu_hat": null
}
